1,0
2,409
3,204
4,229
5,264
6,383
7,474
8,584
9,589
10,675
11,861
12,1067
13,1276
14,1440
15,1645
16,1830
17,1847
18,2138
19,2353
20,2554
21,2646
22,2696
23,2702
24,2731
25,2784
26,2919
27,3043
28,3129
29,3189
30,3238
31,3267
32,3284
33,3286
34,3321
35,3342
36,3472
37,3600
38,3684
39,3696
40,3764
41,3833
42,3947
43,4053
44,4122
45,4124
46,4124
47,4176
48,4363
49,4529
50,4640
51,4703
52,4764
53,4832
54,4885
55,4921
56,4921
57,4921
58,4937
59,5106
60,5281
61,5379
62,5484
63,5491
64,5506
65,5629
66,5859
67,6068
68,6354
69,6995
70,7373
71,7637
72,7716
73,7795
74,8107
75,8280
76,8349
77,8398
78,8416
79,8476
80,8908
81,9581
82,9687
83,9727
84,9888
85,10089
86,10259
87,10614
88,11102
89,11152
90,11289
91,11349
92,11419
93,11594
94,11689
95,11833
96,12001
97,12118
98,12238
99,12403
100,12466
101,12542
102,12715
103,12886
104,13077
105,13260
106,13445
107,13640
108,13882
109,14041
110,14220
111,14379
112,14486
113,14627
114,14761
115,14939
116,15029
117,15276
118,15450
119,15520
120,15552
121,15604
122,15682
123,15790
124,15884
125,15965
126,16071
127,16164
128,16249
129,16323
130,16404
131,16464
132,16499
133,16592
134,16675
135,16757
136,16846
137,16868
138,16875
139,16980
140,17133
141,17295
142,17415
143,17516
144,17581
145,17625
146,17651
147,17677
148,17692
149,17729
150,17818
151,17902
152,17982
153,17995
154,18010
155,18096
156,18153
157,18223
158,18354
159,18508
160,18622
161,18643
162,18667
163,18881
164,19016
165,19085
166,19191
167,19348
168,19534
169,19671
170,19747
171,19813
172,19860
173,19929
174,19966
175,20003
176,20133
177,20269
178,20333
179,20379
180,20453
181,20540
182,20627
183,20655
184,20684
185,20788
186,20917
187,20951
188,21000
189,21030
190,21046
191,21079
192,21290
193,21303
194,21357
