0.00980794,7
0.0498529,7
0.0853321,13
0.126518,16
0.150854,17
0.197564,17
0.220831,21
0.268244,22
0.288119,22
0.325898,22
0.356962,23
0.403166,25
0.427765,25
0.464287,24
0.495862,36
0.537792,36
0.560505,39
0.604549,40
0.63892,41
0.676574,41
0.706094,41
0.74415,40
0.778293,41
0.81415,41
0.843009,51
0.884141,46
0.917762,53
0.958258,54
0.984583,54
1.02295,52
1.04938,53
1.09475,54
1.12418,54
1.15915,52
1.19791,53
1.25239,51
1.26835,51
1.30569,47
1.33045,47
1.37326,47
1.40041,50
1.4497,51
1.47869,50
1.5093,50
1.53811,52
1.58286,51
1.61269,54
1.64834,57
1.67667,58
1.72249,58
1.75099,60
1.78512,60
1.81552,59
1.86045,59
1.89455,59
1.93198,59
1.96064,59
1.99623,57
2.03104,57
2.0843,57
2.10885,57
2.14509,57
2.17033,58
2.20398,57
2.23865,57
2.27802,57
2.30633,57
2.34948,57
2.371,57
2.4148,56
2.44787,56
2.49226,58
2.52437,59
2.55234,58
2.58387,60
2.626,60
2.65347,62
2.68621,63
2.71862,67
2.75761,67
2.78713,69
2.82641,69
2.85591,68
2.9112,68
2.93559,68
2.98104,66
2.99498,65
3.04967,64
3.06595,63
3.1042,61
3.13472,66
3.17122,65
3.20799,71
3.244,71
3.27606,76
3.31298,82
3.34013,85
3.38142,85
3.41548,90
3.45251,90
3.47803,93
3.52564,94
3.55689,96
3.59193,94
3.62177,93
3.66845,93
3.69363,89
3.73065,91
3.76204,92
3.8042,89
3.83008,94
3.86763,96
3.90453,94
3.93974,95
3.97016,97
4.00869,97
4.04251,96
4.08566,95
4.10215,94
4.13418,93
4.16844,93
4.21338,93
4.2451,94
4.27603,94
4.30695,97
4.35377,97
4.37965,97
4.41652,96
4.44515,94
4.4837,93
4.52258,95
4.55693,95
4.59038,94
4.61882,93
4.65617,93
4.69718,89
4.72862,87
4.76522,89
4.79495,90
4.83486,91
4.86529,91
4.90074,90
4.93266,90
4.97413,90
5.00125,90
5.04277,89
5.07314,93
5.13164,93
5.15097,91
5.18189,90
5.21312,92
5.24842,92
5.28332,99
5.31786,99
5.35464,99
5.39825,100
5.42503,103
5.46126,100
5.49004,104
5.52676,100
5.55796,101
5.59716,100
5.62709,102
5.66861,95
5.70311,95
5.73084,93
5.77626,92
5.80524,93
5.84195,93
5.86291,92
5.89603,92
5.93122,90
5.96745,95
6.0085,97
6.04489,99
6.07822,99
6.10559,103
6.15617,100
6.17535,96
6.20497,96
6.23746,96
6.28113,97
6.30234,97
6.34032,97
6.37483,102
6.39544,104
6.43034,100
6.47242,100
6.49812,100
6.53551,100
6.56651,100
6.6055,100
6.63838,101
6.67733,102
6.70571,100
6.74584,98
6.78068,96
6.81924,96
6.84775,96
6.88589,96
6.91257,96
6.95464,96
6.98515,96
7.03025,99
7.06451,98
7.09784,98
7.12082,97
7.17673,93
7.1949,90
7.22478,90
7.26077,90
7.30277,94
7.32802,94
7.36205,94
7.40483,91
7.44118,92
7.47234,90
7.5145,90
7.54035,93
7.57504,92
7.61184,96
7.64829,96
7.68045,97
7.72128,97
7.75188,96
7.79202,97
7.81866,97
7.85615,95
7.89104,99
7.93136,96
7.96391,98
7.99692,96
8.02851,97
8.07209,96
8.10258,94
8.13809,94
8.16741,93
8.22872,93
8.2567,93
8.27747,92
8.30907,91
8.35114,90
8.37924,89
8.41759,88
8.45075,87
8.49037,87
8.52074,89
8.55599,88
8.59052,88
8.61833,91
8.64849,91
8.68649,91
8.71502,91
8.75676,91
8.78719,92
8.82788,92
8.85425,93
8.89028,92
8.93075,93
8.97002,93
8.99706,93
9.02926,93
9.066,96
9.10565,94
9.13687,96
9.17085,95
9.2031,96
9.25227,96
9.28677,98
9.30701,98
9.33119,101
9.37162,106
9.4028,100
9.43916,97
9.47253,98
9.50501,97
9.54197,99
9.58072,98
9.61177,99
9.65087,97
9.6804,100
9.72174,97
9.75273,101
9.78433,100
9.82164,102
9.85751,100
9.89131,101
9.93401,100
9.95795,102
10.0001,100
10.0291,100
10.067,99
10.0974,99
10.139,98
10.1686,97
10.2119,97
10.2434,104
10.2837,100
10.3102,101
10.3478,101
10.3814,99
10.4236,102
10.4482,100
10.4861,100
10.5233,106
10.5596,100
10.5851,99
10.6203,98
10.6551,100
10.6981,100
10.7268,101
10.777,100
10.8108,98
10.8544,100
10.8779,99
10.9345,102
10.9499,100
10.9729,100
11.0103,101
11.0496,99
11.08,98
11.123,97
11.1525,97
11.188,96
11.2196,96
11.2574,96
11.2951,95
11.3394,95
11.3635,95
11.3942,94
11.433,95
11.4707,96
11.4986,96
11.534,95
11.5665,96
11.6079,95
11.6398,96
11.6766,96
11.7054,96
11.7486,95
11.7781,97
11.8158,96
11.8443,97
11.884,97
11.9152,105
11.9583,99
11.9859,98
12.021,96
12.0541,96
12.1026,97
12.127,96
12.1645,95
12.1969,94
12.2349,93
12.2685,93
12.3109,87
12.3525,91
12.3801,91
12.4064,93
12.4444,93
12.474,92
12.5165,93
12.5441,93
12.5845,92
12.6158,92
12.6561,91
12.6812,90
12.7181,88
12.752,89
12.793,87
12.8273,87
12.867,87
12.8935,89
12.9277,90
12.9639,91
13.0063,90
13.0356,92
13.0695,89
13.1028,89
13.1411,90
13.1744,89
13.2084,89
13.2397,92
13.293,93
13.317,95
13.3445,94
13.3824,100
13.4121,99
13.4441,103
13.48,100
13.5145,103
13.5609,105
13.5968,100
13.6348,98
13.6555,101
13.6965,100
13.7258,105
13.7637,106
13.7955,100
13.8418,97
13.8599,100
13.9008,98
13.9358,99
13.9675,100
14.001,98
14.0451,98
14.0738,98
14.1073,102
14.1426,103
14.1871,100
14.2139,102
14.2522,100
14.2868,102
14.3088,101
14.3318,102
14.3726,100
14.4162,101
14.456,113
14.4775,100
14.5073,98
14.5433,98
14.577,98
14.6069,99
14.6463,96
14.6816,97
14.7188,95
14.7482,98
14.7913,97
14.8224,97
14.8563,97
14.8909,98
14.9113,96
14.9433,97
14.9966,99
15.0183,98
15.0692,98
15.1008,98
15.1372,99
15.1621,99
15.1983,98
15.2259,99
15.2658,99
15.3002,99
15.3351,99
15.3656,97
15.405,97
15.443,96
15.4796,96
15.5117,96
15.5433,96
15.5752,96
15.6277,96
15.6497,96
15.6862,95
15.7181,95
15.7603,96
15.7894,97
15.836,97
15.8599,97
15.8976,97
15.9301,98
15.9671,98
15.9995,97
16.0346,98
16.0645,101
16.1089,100
16.1388,103
16.173,100
16.2054,100
16.2483,99
16.2783,98
16.3132,97
16.3522,98
16.4023,97
16.422,99
16.4536,99
16.4893,100
16.5362,100
16.5585,100
16.5938,100
16.6273,99
16.6704,101
16.6962,105
16.7373,106
16.7694,100
16.8066,98
16.8377,100
16.8724,100
16.9075,106
16.9523,100
16.9864,104
17.0267,101
17.0452,100
17.0857,98
17.118,98
17.1579,98
17.1891,102
17.2192,100
17.266,103
17.3128,100
17.3419,99
17.3688,98
17.3972,98
17.4407,100
17.4632,100
17.4985,100
17.5319,104
17.5741,100
17.6038,104
17.6377,100
17.6734,101
17.7133,100
17.746,101
17.7849,103
17.8269,100
17.8599,99
17.8864,98
17.9199,97
17.9503,97
17.9873,97
18.0164,97
18.0586,96
18.0897,96
18.1244,96
18.1553,96
18.207,96
18.2368,96
18.2724,96
18.3015,96
18.3423,99
18.3665,98
18.4061,98
18.4372,99
18.4728,99
18.5076,100
18.5681,101
18.5869,100
18.6278,99
18.6572,101
18.6838,100
18.717,98
18.7539,99
18.7924,99
18.8277,97
18.8635,99
18.8942,99
18.9257,101
18.9603,100
18.9924,99
19.0333,97
19.0663,102
19.0996,100
19.135,101
19.1718,102
19.2063,105
19.2289,100
19.2597,103
19.2851,100
19.3152,100
19.3598,100
19.3896,103
19.4214,100
19.451,100
19.494,102
19.5234,100
19.5716,100
19.591,103
19.6318,100
19.6616,101
19.6983,100
19.7313,103
19.7672,100
19.8017,99
19.848,99
19.8741,100
19.9077,99
19.9396,102
19.9849,100
20.0138,102
20.0485,100
20.0773,100
20.1173,98
20.1542,99
20.1925,100
20.2255,102
20.2685,100
20.3128,101
20.3457,100
20.3662,100
20.403,99
20.4323,99
20.4741,99
20.5085,102
20.5443,100
20.5687,100
20.6164,99
20.6423,99
20.6789,98
20.708,100
20.7427,99
20.7816,99
20.8189,101
20.8509,100
20.883,99
20.9161,102
20.9591,100
21.0008,104
21.0377,106
21.0638,100
21.0998,99
21.1339,103
21.1716,101
21.1988,100
21.2376,103
21.2745,103
21.3126,100
21.3454,99
21.3798,95
21.4124,96
21.4586,96
21.4838,97
21.5226,97
21.5519,99
21.5943,99
21.6257,101
21.6637,99
21.6909,100
21.7276,100
21.7627,100
21.8009,100
21.8315,98
21.8734,101
21.902,103
21.9407,100
21.9757,99
22.0208,98
22.0474,102
22.0829,100
22.1123,100
22.15,100
22.1866,100
22.2221,100
22.2475,100
22.2875,101
22.3186,100
22.3655,100
22.4019,100
22.443,98
22.4636,99
22.5034,98
22.5274,98
22.56,97
22.5948,99
22.6353,98
22.6667,99
22.7192,97
22.7463,100
22.7938,101
22.812,100
22.8489,100
22.8727,101
22.9135,101
22.9459,102
22.9824,100
23.0201,102
23.0599,101
23.1116,100
23.1449,99
23.1599,100
23.2097,104
23.2282,100
23.2584,99
23.288,101
23.3204,103
23.3558,102
23.3955,100
23.4287,102
23.4625,100
23.5039,100
23.5404,98
23.5769,98
23.6119,98
23.6473,99
23.6811,97
23.7028,99
23.7542,99
23.782,99
23.8171,98
23.8444,98
23.8809,97
23.9142,97
23.9553,98
23.9844,96
24.0172,96
24.0538,96
24.0901,95
24.1221,95
24.1582,94
24.1933,95
24.2282,95
24.2555,95
24.2993,95
24.3271,95
24.3639,95
24.398,95
24.442,94
24.4791,94
24.5135,93
24.541,92
24.5724,92
24.6089,92
24.648,92
24.6762,92
24.7166,91
24.7421,92
24.7918,91
24.817,90
24.8554,90
24.8837,91
24.9242,91
24.9556,91
24.9924,90
25.0256,89
25.0594,89
25.0961,89
25.1336,87
25.1636,88
25.2013,87
25.2319,88
25.2746,84
25.3047,85
25.3382,85
25.3691,85
25.4137,87
25.4508,87
25.4924,87
25.5163,87
25.5504,87
25.5818,90
25.6263,88
25.656,87
25.6857,86
25.716,86
25.7603,90
25.7895,87
25.8269,90
25.8561,90
25.9015,90
25.9371,92
25.9808,90
26.0077,90
26.0401,91
26.0714,91
26.104,91
26.1428,91
26.1819,91
26.208,91
26.2582,93
26.2879,93
26.3289,93
26.3534,95
26.3839,95
26.4187,95
26.456,96
26.4838,96
26.5233,93
26.5593,92
26.5966,92
26.6258,91
26.663,89
26.695,90
26.7313,89
26.7654,88
26.8034,88
26.8345,88
26.8695,88
26.9041,87
26.9505,87
26.9873,85
27.0153,85
27.0473,84
27.0854,86
27.1141,86
27.149,86
27.1838,88
27.2192,88
27.2535,89
27.2894,89
27.3291,93
27.3842,93
27.4121,93
27.4332,93
27.4612,91
27.4995,92
27.5339,94
27.5685,93
27.6012,94
27.6426,94
27.6674,91
27.7109,92
27.7443,92
27.774,92
27.8068,93
27.8476,92
27.8779,91
27.9251,93
27.9552,93
27.9995,93
28.0234,92
28.0558,92
28.0955,92
28.1339,92
28.1649,93
28.199,93
28.236,94
28.273,93
28.3018,92
28.3465,93
28.3711,93
28.4071,93
28.4474,94
28.4969,95
28.5199,94
28.5583,93
28.5763,93
28.6153,93
28.648,93
28.6822,93
28.7156,93
28.7468,95
28.7933,95
28.8267,95
28.8591,93
28.8922,93
28.9187,93
28.9574,95
28.9848,95
29.0359,95
29.0632,94
29.0987,98
29.1271,97
29.1615,94
29.1917,95
29.232,99
29.2732,102
29.3176,100
29.3391,103
29.3727,103
29.4041,101
29.4438,99
29.4702,99
29.5137,101
29.5385,100
29.5818,100
29.6157,101
29.6649,100
29.7055,100
29.7388,99
29.7542,99
29.7881,103
29.8345,100
29.8573,99
29.8863,101
29.9424,100
29.9557,101
29.9888,101
30.027,102
30.061,100
30.0953,100
30.1289,100
30.1643,101
30.21,100
30.2314,101
30.2716,100
30.3043,104
30.3456,100
30.3714,103
30.4108,110
30.445,100
30.4834,99
30.5254,103
30.551,107
30.5822,100
30.6252,99
30.6471,101
30.682,100
30.7324,105
30.7789,102
30.801,98
30.8345,101
30.8637,101
30.9123,103
30.9537,100
30.9871,100
31.0126,101
31.039,103
31.0711,102
31.1126,99
31.1445,101
31.1751,100
31.2108,97
31.2718,102
31.2881,100
31.3373,107
31.3527,100
31.3868,100
31.4274,104
31.4813,103
31.4986,100
31.5201,100
31.5548,98
31.6006,97
31.6213,95
31.6703,95
31.7042,96
31.7337,95
31.7807,99
31.8043,95
31.8326,100
31.8722,104
31.9096,104
31.9516,106
31.9743,100
32.0169,100
32.0528,103
32.0886,100
32.1275,103
32.1594,100
32.1862,100
32.2308,97
32.2645,95
32.3154,91
32.3499,93
32.3702,97
32.3886,97
32.4187,97
32.4548,96
32.4965,93
32.531,94
32.565,93
32.5946,95
32.6283,95
32.6587,97
32.7049,97
32.7333,96
32.7738,99
32.7992,98
32.8369,98
32.8715,99
32.9278,101
32.946,101
32.9787,100
33.0086,101
33.0524,100
33.0903,99
33.1126,99
33.152,98
33.1925,98
33.2182,98
33.2526,97
33.2854,96
33.3439,94
33.3702,94
33.3913,92
33.4268,91
33.4679,89
33.4972,92
33.5377,92
33.5685,94
33.6101,94
33.6331,96
33.6799,98
33.706,98
33.7429,97
33.7768,98
33.8212,98
33.8461,98
33.8845,97
33.9202,98
33.968,100
33.9886,99
34.0271,98
34.0556,99
34.0966,99
34.1318,101
34.1682,100
34.1982,99
34.2421,99
34.2634,99
34.3051,98
34.3387,95
34.3838,96
34.4061,96
34.4442,94
34.4793,94
34.5208,95
34.5485,95
34.5864,94
34.6206,98
34.6586,98
34.6893,98
34.7267,99
34.7511,99
34.7935,99
34.8286,104
34.8728,102
34.8963,100
34.9343,100
34.9643,105
35.0093,100
35.0338,103
35.0681,100
35.099,102
35.1509,100
35.1758,100
35.2144,105
35.2521,105
35.2987,100
35.3265,103
35.3478,100
35.3869,104
35.4444,102
35.4626,100
35.5009,101
35.5401,100
35.5675,100
35.5968,107
35.6287,100
35.6592,102
35.6992,100
35.7369,102
35.7719,100
35.8008,102
35.8396,100
35.8746,100
35.9083,102
35.9334,100
35.9759,97
36.0065,99
36.0513,98
36.0797,100
36.113,98
36.1447,97
36.1867,97
36.2134,98
36.252,99
36.2823,97
36.3224,97
36.3504,98
36.3855,95
36.427,95
36.4735,94
36.4944,94
36.5271,94
36.5762,94
36.6108,92
36.6441,89
36.6599,89
36.6883,90
36.723,92
36.7598,92
36.8019,92
36.8251,90
36.8608,90
36.8912,89
36.9385,90
36.9715,90
37.0067,88
37.0423,87
37.0798,86
37.1005,87
37.156,88
37.1748,89
37.2055,89
37.2447,90
37.2775,90
37.3105,92
37.3588,92
37.3782,94
37.4169,94
37.4514,96
37.4848,96
37.5089,98
37.5422,98
37.5783,100
37.6176,102
37.6436,100
37.6813,100
37.7229,100
37.7606,98
37.7853,98
37.8209,98
37.8496,96
37.925,98
37.9414,97
37.9596,100
37.9933,102
38.0233,100
38.0617,102
38.0953,100
38.1294,104
38.171,102
38.1988,103
38.2312,99
38.2751,104
38.3217,100
38.3553,100
38.4173,98
38.4401,98
38.4704,99
38.4969,98
38.5437,95
38.5576,97
38.5898,96
38.6279,97
38.6687,94
38.7063,95
38.7516,100
38.7692,99
38.8114,101
38.8414,101
38.8889,100
38.9235,102
38.9697,100
38.9943,103
39.0401,100
39.073,103
39.1053,100
39.1415,98
39.1783,98
39.2104,96
39.2532,101
39.2787,100
39.3175,98
39.3508,97
39.3905,95
39.4154,98
39.4557,99
39.4884,104
39.5259,100
39.5604,105
39.5893,100
39.6178,103
39.6541,100
39.6905,104
39.7303,100
39.7563,100
39.7899,99
39.8224,103
39.8671,106
39.8979,100
39.9361,99
39.9605,103
40.0086,100
40.0381,104
40.1203,104
40.1375,100
40.1675,100
40.1991,106
40.2276,100
40.2589,97
40.3007,99
40.337,99
40.3738,94
40.4008,106
40.4402,100
40.4747,102
40.5198,110
40.55,100
40.585,96
40.6127,98
40.6552,97
40.6773,96
40.7164,96
40.7497,96
40.7823,98
40.8214,97
40.8523,94
40.8851,88
40.9185,93
40.9512,96
40.992,95
41.0271,97
41.0696,97
41.092,99
41.1569,98
41.204,101
41.2324,100
41.2611,100
41.2977,99
41.3316,105
41.364,103
41.3953,103
41.4291,100
41.4717,104
41.5116,100
41.5461,104
41.5878,102
41.6056,100
41.636,100
41.6764,101
41.7091,98
41.7437,94
41.7838,94
41.8074,101
41.8509,101
41.8828,99
41.9254,97
41.9465,102
41.9812,102
42.0159,103
42.0549,100
42.0888,101
42.1314,100
42.1607,98
42.1978,94
42.2298,97
42.2722,97
42.301,97
42.3378,95
42.3649,95
42.4073,96
42.4336,98
42.5004,99
42.5176,97
42.5496,100
42.5852,100
42.6131,97
42.6368,101
42.6714,100
42.7089,100
42.748,99
42.7761,99
42.8148,96
42.8509,98
42.8893,99
42.9234,98
42.9514,97
42.9884,97
43.0272,98
43.0574,99
43.0972,99
43.1212,102
43.1628,100
43.1939,100
43.235,100
43.2635,101
43.3035,99
43.3441,101
43.3894,101
43.4081,100
43.4393,99
43.4706,103
43.5373,100
43.5554,100
43.5906,100
43.624,99
43.6484,98
43.6801,102
43.7165,100
43.7445,106
43.7892,100
43.8161,100
43.8526,100
43.8881,100
43.9275,102
43.9526,103
43.9931,100
44.0256,100
44.0803,103
44.1089,100
44.1457,106
44.1677,100
44.202,100
44.2326,101
44.2758,100
44.297,102
44.3374,100
44.371,101
44.4097,100
44.4352,100
44.4758,99
44.508,99
44.5675,99
44.587,103
44.6277,101
44.6487,99
44.6847,98
44.7207,99
44.745,99
44.7816,98
44.8232,97
44.8491,97
44.886,96
44.9187,98
44.9588,97
44.994,97
45.0269,97
45.055,96
45.0905,96
45.1241,97
45.1704,97
45.203,98
45.2405,98
45.2638,100
45.3055,98
45.3359,98
45.3806,98
45.4114,100
45.444,98
45.4697,98
45.5099,97
45.5406,98
45.594,97
45.6194,96
45.6488,96
45.6806,96
45.7245,98
45.7507,98
45.783,96
45.8188,96
45.8588,95
45.8849,94
45.9224,94
45.9622,95
46.015,96
46.0313,95
46.0685,94
46.0936,94
46.1385,99
46.1662,100
46.2014,97
46.236,100
46.2723,100
46.3089,104
46.3574,99
46.4085,101
46.4423,103
46.4747,103
46.519,98
46.5482,95
46.604,96
46.6341,96
46.6706,96
46.692,100
46.7233,97
46.7589,97
46.8036,94
46.8303,96
46.8656,95
46.8976,99
46.9681,102
46.9847,100
47.0066,99
47.0391,101
47.0758,103
47.1083,101
47.1402,99
47.1745,100
47.2158,100
47.2685,102
47.2943,99
47.3222,100
47.3581,102
47.3856,100
47.4205,99
47.4511,104
47.4897,106
47.522,105
47.5549,100
47.5874,100
47.6232,98
47.6658,102
47.708,107
47.7434,100
47.774,96
47.7966,97
47.8416,97
47.8711,96
47.9116,93
47.9394,95
47.9813,95
48.0117,96
48.0479,94
48.0873,94
48.1204,94
48.1514,94
48.1834,92
48.2187,88
48.2626,86
48.2843,88
48.3265,86
48.3578,88
48.3945,86
48.4252,85
48.4655,85
48.4918,83
48.5345,87
48.5655,88
48.6052,86
48.6356,91
48.6727,90
48.7067,91
48.7515,91
48.7735,91
48.8077,91
48.8431,93
48.8866,95
48.9089,95
48.9418,95
48.983,94
49.0245,92
49.0555,92
49.0841,92
49.1301,94
49.1624,96
49.1954,101
49.2315,100
49.2581,102
49.3075,100
49.3373,102
49.3783,101
49.3991,100
49.4364,100
49.4681,103
49.521,103
49.5449,100
49.573,97
49.6126,97
49.6493,95
49.6842,99
49.7215,98
49.7482,98
49.7935,100
49.8211,99
49.8544,98
49.885,96
49.9323,96
49.961,96
50.0218,98
50.037,98
50.0651,97
50.0979,98
50.1353,98
50.1666,100
50.2065,99
50.2376,105
50.2746,100
50.3034,104
50.3451,100
50.3843,100
50.4227,99
50.4459,99
50.4795,97
50.5133,99
50.5532,99
50.5814,101
50.6228,102
50.6558,100
50.6943,98
50.7261,98
50.7658,98
50.7954,104
50.8435,100
50.8687,100
50.905,100
50.9324,100
50.9677,99
50.9965,100
51.0296,100
51.0689,102
51.1066,100
51.1334,102
51.168,100
51.2093,104
51.2451,105
51.2766,104
51.318,100
51.3475,100
51.394,101
51.4205,101
51.4518,100
51.481,103
51.5155,100
51.5511,101
51.5983,100
51.6167,98
51.6545,98
51.6897,97
51.7275,97
51.7595,96
51.8015,96
51.8235,96
51.8715,95
51.904,95
51.9428,94
51.967,94
52.0053,93
52.0305,91
52.0715,92
52.1017,92
52.1407,92
52.1686,95
52.2113,98
52.2425,97
52.2879,98
52.3103,100
52.3497,100
52.3809,101
52.4182,100
52.4495,99
52.4926,100
52.5224,100
52.5551,97
52.5874,96
52.6257,95
52.6575,99
52.7048,102
52.7365,100
52.7772,100
52.8055,101
52.8267,100
52.8664,101
52.9074,101
52.9348,100
52.9706,100
53.0051,99
53.0549,100
53.0846,99
53.1153,99
53.1492,99
53.1843,97
53.2114,96
53.2492,98
53.2901,98
53.3469,101
53.3717,100
53.3918,99
53.4263,101
53.4586,100
53.4931,100
53.5335,107
53.5623,100
53.6006,100
53.6474,102
53.6692,100
53.7062,98
53.7486,101
53.7708,101
53.8092,100
53.8441,102
53.8749,100
53.9259,98
53.9444,98
53.9762,97
54.0179,97
54.0435,97
54.0855,97
54.1169,99
54.1482,100
54.1848,101
54.2258,99
54.257,99
54.3103,98
54.3378,98
54.3777,102
54.4058,103
54.44,100
54.4728,100
54.5149,103
54.5405,100
54.5763,103
54.6071,102
54.6445,100
54.6807,101
54.7237,102
54.7479,100
54.7974,107
54.8185,100
54.8576,98
54.8915,97
54.9264,96
54.9711,100
54.9992,103
55.0309,103
55.0646,106
55.0942,100
55.1347,100
55.1693,98
55.2055,104
55.2381,100
55.2823,99
55.3036,104
55.3335,100
55.3741,100
55.4409,101
55.4574,97
55.4851,97
55.5426,95
55.5708,92
55.6076,90
55.6495,93
55.6833,92
55.7213,91
55.7469,91
55.7939,92
55.8246,91
55.8481,90
55.8794,91
55.9329,92
55.9591,92
55.9943,92
56.0224,91
56.0644,92
56.0914,90
56.1307,90
56.1618,90
56.2011,90
56.225,90
56.2624,98
56.2952,97
56.3434,97
56.3645,96
56.4103,95
56.4454,95
56.489,97
56.511,97
56.5459,96
56.5835,99
56.6259,100
56.6552,96
56.6877,97
56.7124,97
56.7511,96
56.7842,96
56.831,95
56.8572,95
56.8986,95
56.9299,98
56.9767,97
57.0108,98
57.0545,98
57.0827,94
57.1122,97
57.1386,97
57.1804,96
57.211,96
57.2476,95
57.2762,94
57.3106,92
57.3581,95
57.4025,95
57.4211,94
57.4509,94
57.487,93
57.526,92
57.5514,103
57.5903,101
57.6244,101
57.6622,99
57.6919,99
57.7415,100
57.7754,100
57.812,100
57.837,101
57.8701,100
57.9016,101
57.9428,94
57.9688,94
58.0118,92
58.0375,91
58.0804,91
58.124,88
58.1636,89
58.1941,88
58.2192,88
58.2418,88
58.293,86
58.3145,87
58.356,87
58.3901,87
58.4354,85
58.4651,87
58.5011,86
58.5264,87
58.5675,87
58.5986,87
58.638,89
58.6647,89
58.706,88
58.7329,87
58.7832,88
58.8164,88
58.8494,88
58.8743,87
58.9181,88
58.9478,86
58.9829,86
59.0142,88
59.0574,87
59.0927,87
59.1478,87
59.179,87
59.2032,89
59.2254,89
59.2614,89
59.2941,89
59.3321,89
59.3613,89
59.3995,86
59.4333,88
59.4735,88
59.4976,87
59.5354,87
59.5719,87
59.6163,87
59.6396,86
59.6779,87
59.7095,87
59.7482,86
59.7784,86
59.8266,87
59.8511,88
59.8854,88
59.9234,87
59.9564,90
59.9808,93
60.0236,93
60.0574,92
60.1006,94
60.1236,93
60.1701,93
60.2032,94
60.2456,93
60.2695,93
60.298,92
60.3316,90
60.3825,91
60.405,91
60.4466,91
60.483,92
60.5098,92
60.5418,94
60.5751,93
60.6142,95
60.652,95
60.6767,94
60.7161,96
60.7462,95
60.7848,95
60.8162,95
60.8561,95
60.888,97
60.9261,97
60.9519,97
60.9888,96
61.0235,97
61.0618,97
61.0921,96
61.1348,97
61.162,100
61.2029,100
61.2374,101
61.2768,100
61.312,102
61.3414,104
61.3752,103
61.4055,100
61.4303,100
61.4653,100
61.5029,102
61.5452,100
61.5711,101
61.6058,100
61.6433,105
61.6954,102
61.7147,99
61.7472,97
61.7796,98
61.8112,98
61.8453,99
61.892,98
61.9274,99
61.9706,97
62.0032,99
62.0339,95
62.0579,97
62.0999,97
62.1252,97
62.1698,99
62.2014,99
62.2363,97
62.2674,109
62.3115,102
62.338,106
62.3727,100
62.4048,103
62.4505,101
62.4825,100
62.5465,103
62.5624,100
62.582,100
62.612,102
62.6481,99
62.6867,100
62.7211,98
62.756,98
62.7935,96
62.8287,98
62.8771,101
62.8949,100
62.9294,100
62.961,102
62.9989,103
63.0364,107
63.0716,100
63.1099,102
63.1569,101
63.1777,100
63.2159,99
63.253,99
63.2809,98
63.3113,98
63.3516,97
63.38,97
63.4169,97
63.4539,98
63.4972,95
63.5254,99
63.5729,98
63.5894,97
63.6355,97
63.661,97
63.7248,100
63.7407,99
63.7735,99
63.7986,101
63.8348,100
63.8674,103
63.9103,99
63.9393,97
63.9989,97
64.0193,97
64.0446,98
64.0767,98
64.1166,97
64.144,99
64.1791,98
64.2147,98
64.2607,101
64.2826,100
64.3182,100
64.3504,97
64.3888,97
64.4178,101
64.4601,112
64.4874,103
64.5278,100
64.5671,102
64.5942,100
64.6246,101
64.6864,102
64.7158,100
64.7379,100
64.7614,100
64.8019,99
64.8352,93
64.8624,92
64.9042,98
64.9431,94
64.9635,94
65.0049,94
65.0326,94
65.0771,100
65.1091,99
65.1505,99
65.1854,99
65.2151,99
65.2396,102
65.2889,104
65.308,100
65.3478,100
65.3779,106
65.4124,100
65.448,99
65.4864,102
65.519,104
65.5542,100
65.5829,100
65.6215,98
65.6557,98
65.7091,101
65.7325,107
65.756,100
65.7981,100
65.8351,99
65.865,95
65.8995,94
65.9365,99
65.9702,99
66.0022,101
66.0369,100
66.0729,99
66.1087,101
66.1387,100
66.181,99
66.2089,99
66.2545,99
66.2821,99
66.311,95
66.3544,99
66.3943,97
66.4275,105
66.4578,100
66.4823,99
66.5188,105
66.5533,100
66.598,100
66.6234,100
66.6623,100
66.6909,98
66.7307,100
66.7569,100
66.7906,98
66.8335,97
66.8655,96
66.8932,94
66.9375,94
66.9725,105
67.0268,100
67.0404,100
67.0736,100
67.101,98
67.1422,104
67.1728,100
67.2087,100
67.2352,100
67.2759,100
67.3119,103
67.3475,100
67.3772,103
67.4123,100
67.4472,100
67.4877,100
67.5156,97
67.5617,98
67.5947,96
67.6252,95
67.6566,95
67.6913,95
67.7215,94
67.7651,96
67.7961,96
67.8314,97
67.8632,97
67.9032,95
67.9323,99
67.9796,99
68.009,102
68.0447,100
68.0744,99
68.1097,99
68.1432,100
68.1791,100
68.2074,102
68.2499,100
68.28,100
68.3166,99
68.3468,99
68.386,97
68.4209,97
68.4673,97
68.4862,100
68.5302,103
68.5533,100
68.5965,101
68.6294,100
68.6636,100
68.6965,100
68.7294,100
68.7614,100
68.8018,103
68.8317,100
68.866,100
68.902,100
68.9393,100
68.9703,96
69.0194,95
69.0512,99
69.0898,98
69.1186,97
69.149,97
69.1772,97
69.2655,101
69.2939,103
69.3323,100
69.3615,101
69.4018,100
69.4288,100
69.4705,99
69.5012,102
69.567,101
69.5838,100
69.6139,100
69.6472,100
69.6768,104
69.7072,106
69.7467,100
69.7813,102
69.8265,103
69.8517,100
69.8847,101
69.9173,105
69.9536,100
69.9874,100
70.0295,100
70.0622,99
70.0928,96
70.1279,100
70.1607,99
70.1948,98
70.2345,98
70.2649,102
70.3064,101
70.3293,100
70.3647,100
70.3963,102
70.4369,100
70.4724,100
70.5138,101
70.5404,101
70.5857,100
70.6125,101
70.6501,100
70.7326,99
70.7746,99
70.8018,102
70.8552,100
70.8739,100
70.9069,100
70.9388,98
70.9861,98
71.0213,99
71.0575,97
71.088,97
71.1133,96
71.1515,95
71.1865,91
71.2199,91
71.2575,95
71.289,95
71.3298,95
71.3562,95
71.3937,96
71.4247,97
71.4651,97
71.4999,98
71.5412,98
71.5765,98
71.6112,97
71.636,96
71.6813,95
71.7043,99
71.7533,99
71.7748,100
71.8128,99
71.8489,99
71.8887,98
71.913,97
71.9442,97
71.9833,99
72.029,101
72.0506,100
72.0826,97
72.1164,96
72.1622,95
72.1853,95
72.2188,95
72.2547,99
72.2989,102
72.3371,100
72.3735,99
72.3988,97
72.4276,96
72.4597,99
72.5057,98
72.5357,101
72.5704,100
72.6002,103
72.6413,100
72.6736,99
72.72,98
72.741,100
72.8082,102
72.8223,100
72.8511,102
72.8853,101
72.9142,100
72.954,99
72.9967,98
73.0231,98
73.0532,98
73.0862,103
73.1234,100
73.1579,100
73.1979,100
73.2298,100
73.2704,98
73.2941,97
73.3392,102
73.3719,100
73.4072,100
73.434,100
73.4792,101
73.5081,100
73.5454,100
73.5737,99
73.6157,99
73.6437,99
73.6782,98
73.7133,101
73.763,100
73.792,102
73.8336,100
73.8558,101
73.8864,99
73.9186,99
73.9578,99
73.9938,100
74.0259,100
74.0583,99
74.0995,101
74.1353,102
74.1664,102
74.1985,100
74.2375,99
74.2627,99
74.3041,99
74.3372,100
74.3812,101
74.4049,101
74.445,101
74.4783,98
74.5166,98
74.5513,98
74.5914,99
74.6156,99
74.6511,99
74.6813,99
74.7235,101
74.7545,102
74.7906,100
74.8224,101
74.8583,100
74.8897,101
74.9297,100
74.968,100
75.0035,100
75.0243,100
75.0588,100
75.0912,101
75.1361,98
75.1638,100
75.1975,97
75.2404,98
75.2929,97
75.3181,98
75.342,98
75.3701,98
75.408,99
75.4472,99
75.4805,99
75.5136,99
75.5495,99
75.5865,101
75.6416,100
75.6559,101
75.6854,100
75.716,100
75.7563,100
75.788,100
75.8244,103
75.8612,100
75.9065,99
75.9252,99
75.9606,98
75.9941,100
76.04,99
76.0603,99
76.1008,99
76.1415,98
76.1805,97
76.2252,99
76.2403,99
76.278,101
76.3129,100
76.3415,101
76.3768,100
76.411,101
76.4521,102
76.4817,100
76.5278,100
76.5594,100
76.5965,97
76.6219,99
76.6655,99
76.6875,99
76.7243,98
76.7545,100
76.7976,100
76.8333,102
76.8719,101
76.9022,99
76.953,98
76.972,97
77.0012,97
77.0389,100
77.0765,99
77.171,98
77.2007,97
77.2328,97
77.271,96
77.3091,95
77.3482,94
77.3807,94
77.4173,92
77.4406,92
77.4831,91
77.5147,105
77.547,100
77.5832,101
77.6297,100
77.6545,104
77.6965,101
77.7276,99
77.767,99
77.7908,99
77.8341,99
77.8641,98
77.9051,91
77.9324,94
78.0051,97
78.0421,100
78.078,99
78.1058,101
78.1422,100
78.1798,104
78.2202,100
78.2494,101
78.2848,99
78.3198,99
78.3594,98
78.3878,98
78.4237,97
78.4585,96
78.4949,93
78.5273,92
78.5685,92
78.592,92
78.6248,91
78.6636,95
78.7064,94
78.7348,99
78.7694,99
78.8058,100
78.8398,100
78.8744,100
78.9166,100
78.9274,99
78.963,99
79.005,99
79.0326,101
79.0619,100
79.1117,102
79.1369,100
79.1718,100
79.2017,100
79.2455,102
79.2755,105
79.3161,100
79.3433,101
79.3818,99
79.4139,98
79.4574,99
79.4922,99
79.5405,99
79.5557,99
79.5936,99
79.6217,100
79.6605,99
79.6982,102
79.7417,100
79.7634,99
79.8042,99
79.8318,98
79.8775,102
79.901,100
79.9441,100
79.9778,105
80.018,100
80.0512,100
80.0846,103
80.1108,100
80.1507,99
80.1747,99
80.2182,98
80.2456,101
80.2906,102
80.3181,100
80.3511,99
80.385,98
80.4388,97
80.4655,96
80.5055,96
80.5359,100
80.5739,100
80.6023,100
80.6475,100
80.6652,100
80.7033,100
80.7331,100
80.7856,100
80.8115,104
80.8487,102
80.879,99
80.9332,101
80.9643,100
81.0006,100
81.0285,104
81.0547,100
81.1026,105
81.1419,104
81.1646,105
81.2013,100
81.2395,104
81.2745,100
81.3032,105
81.3443,104
81.3701,105
81.4239,103
81.4475,100
81.4862,98
81.5093,98
81.5514,100
81.5823,100
81.6273,101
81.6483,98
81.6896,97
81.7196,96
81.7569,100
81.7916,100
81.8297,100
81.8574,100
81.8988,100
81.93,102
81.9717,102
81.9955,100
82.0355,100
82.0676,98
82.1037,100
82.1434,99
82.1771,99
82.2098,99
82.2475,99
82.2815,101
82.3175,99
82.3496,99
82.3979,101
82.4227,103
82.4624,100
82.4905,98
82.5276,96
82.5586,96
82.6013,99
82.636,99
82.6772,98
82.6966,97
82.7377,97
82.771,97
82.8075,94
82.8411,96
82.8756,100
82.9048,100
82.9503,100
82.9788,102
83.0174,101
83.0456,102
83.0797,100
83.1078,98
83.1535,98
83.1851,98
83.2257,99
83.248,99
83.2904,99
83.317,99
83.3585,96
83.3888,99
83.4223,98
83.4567,103
83.5006,103
83.526,100
83.564,100
83.5952,100
83.6323,101
83.6684,100
83.7189,100
83.7345,100
83.7737,99
83.8072,99
83.8445,96
83.8756,98
83.9171,96
83.9449,98
83.9856,97
84.0172,99
84.0705,101
84.1013,100
84.141,102
84.1642,100
84.1946,100
84.2261,99
84.2603,98
84.2938,103
84.3335,100
84.3652,100
84.397,99
84.4415,98
84.4834,99
84.5185,99
84.5482,99
84.5756,99
84.6161,99
84.6391,102
84.6847,104
84.7204,100
84.759,100
84.7924,99
84.8241,99
84.8608,97
84.8913,97
84.9157,103
84.9634,103
84.9837,100
85.0262,98
85.0654,96
85.1077,99
85.13,100
85.1677,100
85.1961,101
85.2564,100
85.2823,102
85.3122,101
85.343,100
85.3838,100
85.4097,103
85.4409,100
85.476,101
85.5146,108
85.5431,100
85.5832,100
85.6089,100
85.6504,99
85.6834,98
85.7169,99
85.7515,100
85.7918,100
85.8221,100
85.8602,98
85.8874,95
85.9249,94
85.9609,94
86.0087,95
86.0286,95
86.0634,93
86.0955,96
86.1397,97
86.168,97
86.2017,95
86.2339,95
86.2824,95
86.2987,95
86.3525,95
86.3867,96
86.433,96
86.4541,95
86.4824,93
86.5132,92
86.5494,93
86.578,93
86.6209,98
86.6554,98
86.6893,97
86.7263,97
86.7659,100
86.8021,101
86.8322,100
86.8588,101
86.8961,100
86.9268,101
86.9667,100
87.0005,101
87.0362,102
87.0664,100
87.1114,101
87.1447,98
87.1836,100
87.2134,100
87.2466,99
87.2811,100
87.34,99
87.3695,99
87.3899,97
87.4177,99
87.4635,99
87.4993,103
87.5284,100
87.5672,100
87.606,102
87.634,101
87.6693,100
87.6987,101
87.7392,99
87.773,102
87.8148,102
87.8518,100
87.8838,97
87.9102,96
87.9477,96
87.9879,96
88.0255,96
88.0576,94
88.1083,98
88.1312,98
88.1679,97
88.2088,98
88.2387,102
88.2687,102
88.3125,100
88.3397,102
88.3802,102
88.4195,98
88.4407,97
88.4821,97
88.5163,97
88.5463,101
88.5885,100
88.6252,101
88.6527,99
88.6905,102
88.7221,100
88.754,103
88.7979,100
88.8243,100
88.851,99
88.8921,99
88.9422,100
88.9703,100
89.0067,99
89.0354,99
89.0621,99
89.098,103
89.14,100
89.1633,101
89.2062,99
89.2363,98
89.2778,100
89.3041,100
89.3381,100
89.3733,101
89.4243,99
89.4511,100
89.4876,98
89.5217,97
89.5497,97
89.5821,99
89.6156,98
89.6521,95
89.6924,94
89.7181,95
89.7581,97
89.7872,96
89.8261,95
89.8562,101
89.8923,100
89.9279,103
89.9703,100
89.9928,100
90.031,100
90.0665,99
90.1013,99
90.1327,99
90.1821,103
90.206,100
90.2406,98
90.2747,97
90.3208,94
90.3509,96
90.411,97
90.4427,97
90.4652,96
90.484,98
90.5277,97
90.5566,97
90.5919,98
90.6323,98
90.6744,98
90.705,98
90.7408,95
90.7668,97
90.8204,97
90.8341,97
90.8707,97
90.9055,97
90.9382,97
90.9737,100
91.0132,100
91.048,99
91.0877,99
91.1137,99
91.1436,94
91.1814,94
91.2183,99
91.2558,99
91.2818,99
91.3153,99
91.3565,98
91.3901,99
91.4439,101
91.4696,100
91.5633,105
91.5877,100
91.6197,100
91.6538,101
91.6964,103
91.7301,103
91.7616,100
91.7928,100
91.8487,100
91.8632,107
91.922,104
91.9478,100
91.9677,100
91.9981,103
92.0314,100
92.0651,101
92.108,100
92.1389,100
92.1729,100
92.204,102
92.2482,101
92.3393,100
92.3839,104
92.4117,104
92.4438,100
92.4769,103
92.5135,100
92.5526,99
92.5939,99
92.6238,100
92.6648,100
92.6907,99
92.7333,99
92.7542,99
92.8006,103
92.8351,100
92.8684,99
92.8956,102
92.9263,100
92.9704,105
93.0016,100
93.0382,100
93.0948,105
93.1251,100
93.1617,100
93.1882,104
93.2336,103
93.2629,100
93.3155,101
93.3461,100
93.3662,97
93.3943,100
93.4303,100
93.4641,99
93.4983,99
93.5343,103
93.5762,100
93.5995,98
93.645,99
93.6762,96
93.7228,96
93.7435,96
93.7742,94
93.8046,94
93.8536,96
93.8869,98
93.9161,97
93.9486,100
93.9825,100
94.0198,99
94.0581,102
94.0873,100
94.125,100
94.1567,100
94.195,99
94.2282,98
94.2754,99
94.2983,100
94.3487,98
94.3851,98
94.4181,98
94.4442,96
94.48,95
94.5135,98
94.5453,98
94.5798,102
94.607,100
94.6456,102
94.6732,100
94.705,100
94.7428,100
94.7866,100
94.8221,100
94.8508,102
94.8868,103
94.9207,104
94.9531,100
94.9807,100
95.0228,98
95.0513,95
95.0941,98
95.1198,101
95.1685,100
95.2103,103
95.2365,100
95.2707,102
95.3163,101
95.3333,100
95.3669,98
95.3984,99
95.4365,99
95.4669,101
95.511,101
95.5378,100
95.5749,99
95.6122,99
95.652,98
95.69,106
95.726,100
95.7606,102
95.78,100
95.8063,101
95.8425,100
95.8728,105
95.9165,108
95.9448,100
95.9871,100
96.0199,102
96.0526,97
96.0821,97
96.1228,97
96.1509,96
96.1876,95
96.2227,94
96.2555,92
96.2877,90
96.3335,91
96.3583,91
96.3976,93
96.4333,93
96.4657,93
96.4988,95
96.5541,95
96.5696,97
96.6059,97
96.6341,97
96.6768,97
96.7065,98
96.7427,97
96.7869,95
96.8178,95
96.8457,98
96.8817,96
96.9142,96
96.9491,96
96.9819,97
97.0227,97
97.05,97
97.0951,98
97.1232,97
97.163,99
97.1943,99
97.2337,99
97.2606,101
97.2958,100
97.3296,100
97.3752,100
97.411,99
97.4416,99
97.4697,100
97.5059,100
97.5368,107
97.5813,100
97.6121,104
97.6462,103
97.6782,101
97.7229,102
97.7521,100
97.7873,103
97.8336,100
97.8649,101
97.8936,100
97.9258,98
97.9605,101
98.0044,101
98.0312,101
98.0753,100
98.1064,103
98.1594,102
98.183,99
98.2075,100
98.2436,98
98.2821,98
98.316,98
98.35,97
98.386,99
98.4749,101
98.5057,103
98.5427,102
98.5661,100
98.5978,100
98.6293,104
98.6708,100
98.7032,103
98.7407,100
98.7723,100
98.8171,99
98.8419,104
98.8831,102
98.921,101
98.9592,100
98.9896,102
99.0443,102
99.0668,100
99.1068,105
99.1375,102
99.1697,100
99.1995,103
99.2388,99
99.264,99
99.2971,98
99.337,97
99.3716,97
99.4003,97
99.436,97
99.4743,98
99.5079,97
99.541,97
99.5828,96
99.6074,98
99.6435,97
99.6802,97
99.7162,97
99.7495,98
99.788,98
99.8134,97
99.8575,96
99.8863,95
99.9227,95
99.961,97
99.9973,96
100.027,96
100.063,96
100.093,96
100.144,96
100.176,95
100.209,94
100.236,95
100.278,95
100.302,95
100.345,97
100.462,96
100.499,96
100.528,96
100.556,93
100.593,91
100.633,92
100.663,94
100.706,94
100.729,97
100.768,97
100.801,96
100.843,96
100.868,94
100.909,94
100.939,97
100.975,97
101.006,97
101.045,99
101.08,98
101.176,96
101.203,95
101.24,93
101.276,94
101.324,93
101.344,95
101.378,94
101.412,94
101.452,94
101.483,92
101.529,92
101.55,94
101.585,94
101.619,93
101.657,93
101.692,92
101.731,92
101.756,92
101.793,92
101.83,92
101.872,91
101.894,89
101.961,87
101.991,87
102.029,90
102.06,89
102.103,89
102.13,90
102.198,90
102.212,90
102.243,89
102.27,90
102.308,88
102.343,87
102.376,87
102.416,88
102.448,88
102.493,87
102.524,86
102.548,88
102.588,88
102.623,89
102.654,88
102.686,89
102.719,89
102.755,92
102.799,93
102.827,92
102.869,92
102.894,92
102.96,90
102.975,90
103.011,90
103.046,90
103.077,90
103.116,89
103.144,86
103.177,85
103.216,84
103.245,85
103.289,84
103.314,84
103.349,83
103.385,83
103.42,83
103.454,88
103.49,87
103.523,88
103.561,88
103.595,88
103.632,87
103.665,87
103.699,87
103.726,87
103.769,86
103.804,85
103.839,84
103.876,84
103.909,84
103.942,82
103.972,82
104.005,81
104.048,80
104.081,81
104.117,82
104.155,83
104.214,84
104.23,83
104.267,84
104.292,84
104.332,84
104.355,85
104.393,85
104.43,85
104.469,85
104.501,87
104.535,86
104.559,85
104.605,86
104.634,85
104.67,84
104.71,84
104.744,84
104.773,84
104.81,84
104.843,84
104.877,82
104.913,87
104.95,87
104.979,86
105.016,86
105.047,86
105.088,86
105.119,92
105.153,92
105.192,92
105.245,91
105.26,91
105.303,88
105.336,88
105.368,92
105.396,92
105.437,92
105.468,91
105.508,90
105.535,91
105.573,91
105.601,89
105.641,89
105.667,88
105.708,88
105.743,88
105.792,87
105.815,87
105.858,86
105.885,84
105.916,83
105.943,86
105.988,86
106.01,86
106.048,85
106.08,85
106.126,84
106.147,84
106.186,85
106.222,84
106.258,83
106.295,83
106.333,84
106.362,86
106.399,86
106.429,91
106.464,90
106.508,95
106.542,95
106.567,97
106.6,97
106.631,97
106.675,97
106.705,97
106.741,96
106.773,96
106.808,93
106.84,93
106.88,92
106.911,92
106.945,90
106.982,94
107.016,93
107.056,92
107.092,92
107.113,94
107.155,92
107.184,92
107.219,95
107.255,95
107.295,95
107.323,96
107.365,91
107.399,92
107.43,92
107.457,94
107.502,94
107.537,95
107.572,95
107.603,91
107.641,93
107.677,95
107.724,92
107.761,92
107.79,92
107.823,90
107.853,90
107.884,92
107.918,91
107.955,91
108.002,90
108.032,89
108.071,89
108.093,89
108.127,88
108.162,88
108.202,88
108.232,87
108.267,87
108.298,87
108.347,89
108.371,89
108.407,88
108.436,89
108.479,89
108.511,89
108.544,89
108.577,91
108.621,90
108.656,93
108.695,91
108.722,93
108.758,91
108.785,93
108.825,91
108.857,91
108.899,91
108.924,90
108.969,91
109.005,90
109.039,90
109.066,95
109.103,91
109.131,92
109.179,91
109.204,92
109.241,92
109.271,96
109.31,99
109.346,98
109.384,98
109.42,98
109.46,96
109.492,98
109.528,96
109.558,96
109.595,95
109.629,95
109.666,94
109.697,94
109.731,98
109.771,98
109.811,98
109.84,98
109.874,97
109.901,98
109.946,98
109.974,97
110.009,97
110.047,96
110.074,96
110.112,96
110.162,96
110.181,96
110.213,96
110.249,96
110.288,96
110.319,96
110.359,98
110.383,98
110.426,98
110.468,98
110.5,97
110.547,102
110.567,100
110.602,100
110.629,100
110.659,99
110.705,99
110.732,98
110.765,99
110.803,99
110.857,99
110.867,99
110.897,96
110.939,97
110.993,97
111.007,97
111.044,97
111.077,97
111.117,97
111.143,100
111.185,100
111.21,100
111.249,100
111.295,98
111.328,97
111.346,97
111.381,96
111.42,98
111.464,98
111.497,98
111.531,96
111.566,99
111.598,99
111.627,97
111.661,97
111.693,97
111.73,97
111.762,97
111.882,99
111.913,98
111.954,98
111.977,98
112.019,96
112.052,98
112.094,98
112.117,98
112.159,99
112.197,99
112.236,98
112.262,99
112.298,99
112.331,99
112.364,99
112.395,101
112.437,100
112.475,103
112.504,100
112.534,99
112.579,99
112.602,98
112.644,97
112.676,98
112.71,98
112.751,100
112.792,101
112.823,100
112.869,99
112.892,101
112.938,103
112.961,100
112.997,100
113.03,100
113.064,99
113.096,101
113.137,100
113.17,100
113.201,100
113.234,99
113.276,98
113.312,102
113.356,100
113.373,103
113.408,100
113.44,100
113.484,99
113.512,97
113.553,97
113.598,100
113.633,100
113.689,100
113.714,100
113.757,102
113.778,100
113.815,102
113.845,100
113.876,100
113.916,100
113.947,98
113.985,98
114.02,98
114.055,98
114.082,98
114.121,97
114.16,101
114.199,99
114.224,100
114.256,100
114.302,103
114.331,101
114.361,101
114.396,100
114.429,100
114.471,100
114.501,101
114.545,100
114.568,99
114.606,99
114.642,100
114.679,98
114.721,101
114.752,100
114.777,101
114.827,102
114.858,100
114.905,99
114.939,99
114.963,100
114.985,100
115.025,100
115.05,102
115.092,100
115.129,99
115.161,98
115.19,99
115.233,99
115.26,101
115.298,100
115.334,99
115.367,98
115.398,98
115.443,97
115.476,97
115.511,97
115.538,99
115.579,97
115.62,101
115.655,102
115.684,100
115.718,100
115.754,100
115.782,100
115.819,103
115.861,100
115.883,101
115.926,100
115.958,99
115.994,96
116.026,94
116.062,100
116.182,101
116.227,100
116.255,100
116.289,99
116.332,101
116.374,100
116.401,100
116.434,100
116.463,100
116.503,100
116.534,100
116.574,101
116.602,99
116.632,97
116.663,97
116.703,94
116.738,97
116.772,97
116.805,100
116.844,99
116.883,99
116.919,98
116.944,99
116.995,102
117.029,100
117.068,100
117.087,100
117.123,98
117.161,98
117.192,100
117.221,101
117.324,100
117.355,102
117.393,100
117.435,100
117.471,102
117.504,100
117.533,100
117.569,99
117.605,99
117.632,100
117.67,99
117.699,99
117.749,102
117.786,99
117.826,99
117.848,101
117.878,100
117.913,100
117.95,100
117.988,100
118.023,98
118.055,96
118.094,101
118.122,98
118.181,102
118.225,101
118.267,100
118.291,100
118.319,99
118.353,103
118.39,100
118.415,100
118.457,100
118.489,98
118.541,101
118.566,98
118.607,96
118.633,96
118.672,96
118.695,95
118.737,97
118.77,99
118.802,99
118.834,100
118.876,100
118.909,99
118.949,98
118.976,105
119.048,100
119.076,100
119.117,103
119.147,100
119.2,102
119.229,100
119.252,99
119.285,98
119.323,97
119.366,97
119.396,99
119.434,99
119.466,99
119.491,100
119.528,100
119.565,99
119.62,103
119.636,99
119.663,99
119.698,97
119.734,95
119.767,94
119.804,95
119.835,94
119.905,91
119.934,91
119.974,91
120.003,88
120.041,87
120.08,90
120.112,90
120.137,89
120.175,88
120.202,86
120.255,88
120.283,86
120.32,86
120.347,86
120.387,86
120.414,86
120.448,84
120.479,87
120.523,87
120.548,87
120.587,86
120.617,83
120.661,84
120.684,84
120.726,83
120.766,83
120.809,83
120.836,82
120.863,86
120.895,86
120.928,86
120.961,86
121.001,86
121.037,86
121.077,86
121.103,86
121.142,85
121.193,88
121.209,87
121.248,89
121.295,89
121.319,89
121.344,88
121.375,89
121.425,89
121.447,88
121.481,86
121.513,87
121.562,87
121.593,86
121.627,85
121.656,84
121.697,87
121.734,87
121.762,85
121.798,85
121.828,85
121.865,85
121.908,85
121.931,85
121.966,85
121.998,85
122.041,85
122.069,84
122.107,88
122.136,87
122.196,89
122.218,89
122.272,90
122.286,90
122.319,89
122.349,89
122.384,89
122.414,89
122.458,89
122.486,88
122.521,88
122.556,90
122.591,90
122.617,89
122.658,89
122.687,89
122.728,88
122.758,87
122.796,87
122.826,87
122.867,87
122.898,87
122.938,89
122.963,89
123.01,89
123.04,88
123.082,88
123.107,88
123.137,88
123.173,91
123.224,92
123.243,91
123.285,91
123.318,94
123.35,98
123.384,98
123.415,98
123.446,98
123.481,98
123.519,105
123.557,100
123.59,103
123.627,100
123.661,100
123.699,97
123.734,94
123.773,96
123.801,96
123.837,99
123.867,99
123.916,97
123.939,97
123.972,101
124.005,100
124.039,100
124.072,98
124.108,97
124.137,96
124.183,95
124.209,91
124.258,91
124.281,93
124.322,93
124.35,93
124.392,95
124.417,95
124.459,95
124.496,95
124.527,94
124.555,94
124.597,94
124.627,94
124.666,94
124.693,94
124.731,94
124.763,94
124.807,96
124.838,98
124.871,97
124.909,96
124.943,96
124.976,96
125.009,95
125.042,95
125.078,95
125.113,98
125.147,98
125.182,99
125.22,97
125.254,100
125.297,102
125.325,101
125.356,100
125.387,102
125.431,101
125.461,100
125.495,99
125.527,99
125.561,97
125.594,96
125.633,95
125.662,95
125.699,95
125.731,95
125.777,94
125.802,94
125.836,94
125.871,97
125.918,96
125.957,96
125.984,98
126.017,98
126.05,97
126.079,102
126.123,100
126.17,100
126.193,100
126.218,103
126.25,100
126.286,99
126.34,99
126.358,97
126.391,97
126.427,98
126.478,97
126.506,98
126.548,98
126.575,98
126.609,96
126.724,97
126.759,96
126.807,98
126.843,98
126.869,97
126.901,95
126.931,95
126.97,94
127.003,94
127.038,94
127.074,93
127.112,93
127.136,93
127.181,93
127.209,94
127.254,94
127.277,95
127.323,92
127.352,92
127.386,91
127.417,92
127.479,94
127.495,94
127.523,94
127.557,98
127.603,98
127.633,100
127.67,99
127.704,101
127.738,100
127.768,101
127.801,100
127.841,100
127.93,100
127.961,102
128.002,100
128.033,103
128.066,100
128.098,101
128.129,100
128.166,100
128.2,98
128.237,102
128.271,100
128.304,101
128.342,100
128.376,100
128.415,99
128.442,98
128.479,97
128.516,97
128.556,102
128.589,100
128.63,100
128.67,98
128.701,98
128.726,102
128.77,100
128.795,104
128.827,100
128.866,103
128.899,100
128.939,100
128.977,108
129.005,100
129.042,100
129.074,107
129.114,99
129.143,103
129.189,100
129.216,100
129.25,100
129.279,100
129.319,99
129.351,95
129.387,94
129.42,93
129.466,91
129.496,91
129.524,90
129.553,90
129.597,92
129.63,91
129.665,91
129.699,91
129.741,89
129.764,92
129.879,91
129.916,91
129.95,91
129.981,91
130.016,90
130.051,90
130.093,91
130.129,91
130.163,91
130.199,91
130.23,90
130.26,91
130.293,90
130.326,90
130.37,90
130.417,89
130.437,89
130.464,90
130.506,89
130.536,89
130.571,89
130.601,89
130.648,89
130.679,94
130.717,95
130.743,94
130.774,94
130.807,93
130.852,93
130.872,93
130.918,93
130.949,93
130.991,93
131.016,94
131.055,94
131.086,94
131.123,94
131.153,95
131.187,95
131.226,95
131.261,95
131.291,96
131.327,96
131.366,95
131.402,95
131.429,96
131.467,96
131.497,96
131.54,96
131.57,95
131.622,94
131.647,95
131.682,95
131.721,95
131.746,95
131.778,94
131.812,94
131.846,94
131.885,94
131.921,95
131.962,95
131.983,97
132.023,95
132.062,93
132.103,92
132.129,92
132.164,95
132.196,97
132.232,97
132.261,98
132.313,97
132.348,96
132.381,96
132.407,95
132.441,95
132.47,95
132.511,95
132.547,95
132.595,94
132.62,94
132.643,94
132.674,93
132.78,93
132.837,93
132.869,98
132.89,98
132.914,98
132.95,98
132.986,96
133.021,102
133.048,98
133.087,98
133.123,97
133.152,97
133.192,97
133.219,102
133.274,102
133.311,100
133.341,99
133.364,98
133.396,96
133.43,99
133.465,97
133.506,96
133.545,96
133.571,94
133.611,94
133.636,96
133.678,94
133.707,94
133.745,94
133.774,92
133.811,91
133.856,91
133.893,91
133.928,91
133.958,91
133.971,91
134.005,90
134.046,94
134.088,94
134.112,92
134.15,92
134.176,91
134.224,90
134.254,90
134.292,91
134.319,90
134.357,90
134.389,91
134.426,89
134.454,89
134.491,88
134.528,85
134.565,85
134.592,85
134.633,84
134.668,86
134.708,85
134.733,85
134.774,84
134.801,84
134.833,84
134.882,86
134.908,86
134.938,87
134.974,87
135.01,87
135.048,87
135.079,89
135.122,88
135.16,90
135.191,90
135.217,89
135.252,88
135.287,88
135.329,90
135.357,90
135.393,90
135.423,90
135.461,89
135.489,89
135.614,88
135.649,88
135.684,87
135.704,87
135.743,87
135.778,88
135.813,88
135.841,90
135.884,93
135.909,93
135.952,93
135.992,94
136.025,96
136.053,96
136.091,96
136.124,96
136.158,95
136.188,96
136.225,96
136.257,97
136.301,97
136.328,99
136.367,101
136.396,100
136.431,106
136.464,100
136.501,100
136.534,100
136.571,100
136.601,100
136.643,103
136.675,100
136.713,98
136.738,97
136.783,96
136.811,93
136.856,96
136.901,97
136.92,97
136.947,97
136.991,97
137.028,97
137.151,97
137.19,99
137.215,99
137.246,99
137.294,98
137.318,98
137.354,100
137.394,99
137.429,98
137.46,96
137.493,96
137.53,96
137.565,99
137.59,99
137.639,99
137.667,99
137.696,98
137.736,98
137.768,98
137.804,99
137.841,99
137.867,100
137.909,100
137.945,99
137.98,98
138.011,98
138.068,99
138.1,99
138.133,99
138.158,99
138.193,100
138.215,102
138.249,100
138.291,103
138.326,100
138.359,100
138.395,98
138.428,98
138.471,97
138.499,97
138.531,97
138.573,97
138.621,96
138.642,96
138.67,96
138.703,98
138.746,99
138.777,99
138.812,101
138.845,100
138.881,100
138.914,100
138.953,100
138.981,98
139.017,98
139.05,99
139.089,99
139.122,98
139.157,98
139.189,97
139.239,98
139.275,97
139.318,96
139.331,95
139.362,95
139.4,95
139.441,95
139.468,95
139.508,95
139.533,94
139.567,93
139.613,93
139.662,96
139.689,96
139.714,96
139.741,96
139.781,96
139.809,95
139.845,98
139.877,97
139.909,96
139.959,96
139.984,96
140.012,93
140.045,93
140.084,93
140.118,93
140.157,93
140.216,93
140.231,92
140.274,92
140.303,95
140.345,95
140.365,95
140.392,95
140.43,95
140.465,100
140.496,99
140.595,98
140.626,103
140.657,100
140.688,100
140.723,98
140.761,100
140.797,99
140.827,103
140.869,100
140.896,97
140.945,101
140.968,100
141.013,98
141.038,98
141.069,98
141.107,97
141.143,98
141.176,98
141.211,97
141.249,96
141.303,95
141.314,94
141.348,93
141.38,94
141.422,94
141.457,94
141.488,94
141.52,94
141.556,95
141.6,95
141.636,95
141.666,95
141.699,95
141.73,95
141.769,94
141.801,96
141.832,96
141.864,96
141.914,96
141.94,97
141.981,99
142.006,98
142.051,97
142.091,97
142.116,98
142.142,98
142.183,109
142.209,100
142.253,100
142.281,106
142.332,100
142.349,101
142.393,100
142.422,102
142.467,100
142.488,100
142.529,100
142.563,96
142.597,97
142.627,97
142.671,91
142.699,91
142.738,90
142.768,89
142.805,88
142.833,89
142.874,89
142.907,89
142.942,89
142.98,91
143.013,94
143.047,95
143.084,95
143.119,95
143.159,95
143.186,95
143.228,97
143.255,97
143.287,97
143.323,99
143.37,100
143.396,100
143.434,100
143.459,100
143.507,103
143.539,100
143.585,100
143.6,100
143.636,101
143.67,100
143.711,99
143.737,99
143.773,99
143.803,99
143.846,99
143.877,99
143.916,99
143.944,102
143.979,100
144.023,101
144.051,101
144.085,100
144.127,100
144.149,102
144.193,100
144.222,101
144.257,101
144.289,99
144.326,99
144.361,99
144.408,99
144.427,98
144.468,98
144.497,98
144.543,98
144.573,98
144.616,100
144.64,98
144.677,102
144.711,103
144.741,100
144.774,100
144.804,100
144.856,100
144.88,100
144.909,101
144.947,100
144.978,99
145.02,99
145.046,98
145.081,97
145.116,95
145.156,95
145.187,95
145.222,95
145.255,95
145.293,97
145.328,96
145.364,95
145.391,94
145.438,94
145.463,92
145.505,90
145.531,90
145.573,91
145.613,93
145.653,93
145.671,92
145.703,92
145.737,93
145.779,91
145.831,90
145.865,90
145.885,90
145.926,89
145.952,94
145.984,93
146.016,92
146.051,92
146.081,91
146.122,89
146.157,93
146.191,95
146.221,95
146.261,95
146.293,95
146.33,92
146.361,94
146.401,94
146.441,96
146.491,96
146.517,96
146.551,94
146.576,94
146.614,97
146.645,97
146.684,97
146.715,97
146.752,96
146.786,100
146.832,101
146.862,100
146.895,100
146.921,104
146.962,100
146.993,104
147.04,100
147.056,100
147.098,100
147.13,100
147.165,96
147.197,99
147.232,98
147.268,99
147.301,97
147.337,97
147.373,94
147.404,96
147.449,96
147.473,96
147.508,96
147.541,95
147.576,95
147.607,95
147.647,100
147.685,100
147.73,100
147.754,100
147.79,97
147.822,101
147.855,100
147.89,104
147.917,100
147.949,104
147.984,100
148.086,99
148.129,98
148.154,98
148.2,98
148.23,98
148.269,96
148.297,99
148.339,98
148.361,98
148.402,95
148.432,95
148.468,93
148.511,98
148.548,97
148.576,97
148.608,97
148.646,101
148.675,99
148.712,103
148.747,101
148.777,102
148.821,100
148.86,103
148.892,100
148.93,101
148.978,100
148.996,100
149.035,98
149.074,98
149.112,98
149.137,96
149.179,99
149.208,99
149.245,98
149.278,104
149.312,100
149.348,101
149.387,100
149.42,105
149.455,100
149.484,102
149.525,100
149.557,99
149.594,99
149.621,99
149.657,98
149.695,96
149.734,99
149.767,99
149.802,100
149.835,100
149.879,100
149.908,99
149.938,98
149.975,102
150.023,100
150.06,101
150.093,100
150.119,101
150.168,104
150.187,100
150.221,105
150.253,102
150.286,100
150.333,100
150.365,98
150.401,101
150.432,99
150.469,102
150.503,100
150.537,99
150.572,98
150.601,99
150.644,99
150.671,98
150.708,97
150.747,97
150.783,95
150.806,98
150.847,96
150.881,100
150.915,100
150.944,100
150.988,98
151.018,101
151.052,100
151.086,101
151.127,100
151.155,103
151.197,102
151.231,100
151.274,109
151.292,100
151.34,100
151.362,100
151.395,99
151.429,104
151.468,100
151.504,100
151.539,98
151.572,98
151.647,98
151.67,97
151.707,97
151.738,97
151.775,96
151.805,94
151.846,90
151.876,90
151.911,90
151.948,95
151.978,95
152.019,94
152.061,92
152.092,94
152.119,94
152.149,98
152.191,98
152.225,102
152.258,100
152.292,99
152.335,99
152.374,99
152.41,99
152.434,99
152.468,99
152.506,103
152.547,102
152.574,100
152.605,99
152.637,99
152.676,99
152.711,102
152.745,100
152.793,100
152.817,100
152.845,100
152.88,97
152.915,96
152.959,102
152.987,100
153.039,100
153.06,100
153.088,94
153.126,98
153.168,98
153.2,98
153.239,98
153.285,98
153.32,97
153.338,100
153.373,104
153.404,105
153.444,100
153.476,103
153.511,100
153.544,100
153.581,99
153.622,100
153.67,102
153.692,100
153.72,100
153.751,100
153.795,100
153.832,100
153.862,97
153.891,100
153.94,101
153.98,100
154.016,101
154.039,100
154.071,100
154.105,100
154.14,100
154.17,102
154.255,102
154.277,100
154.322,99
154.343,99
154.379,98
154.409,97
154.447,100
154.474,100
154.519,100
154.548,103
154.583,100
154.619,101
154.66,100
154.688,100
154.725,100
154.76,100
154.81,100
154.841,104
154.867,100
154.909,100
154.938,97
154.967,97
155.002,97
155.031,97
155.065,97
155.097,98
155.143,98
155.171,98
155.207,97
155.235,99
155.277,99
155.307,97
155.344,97
155.376,97
155.41,97
155.445,97
155.488,100
155.515,100
155.591,100
155.616,102
155.656,100
155.689,100
155.723,102
155.754,100
155.796,100
155.819,100
155.865,100
155.892,99
155.929,101
155.966,100
155.993,99
156.031,99
156.069,99
156.101,99
156.144,99
156.176,115
156.207,100
156.237,100
156.273,100
156.309,100
156.349,103
156.375,100
156.412,100
156.445,99
156.484,98
156.603,98
156.635,101
156.668,98
156.711,97
156.739,94
156.775,94
156.806,94
156.855,96
156.885,95
156.924,95
156.953,95
156.979,95
157.011,94
157.055,96
157.088,96
157.119,96
157.15,96
157.188,96
157.225,95
157.26,94
157.29,98
157.33,97
157.357,97
157.407,96
157.44,96
157.48,97
157.504,97
157.531,97
157.566,98
157.601,98
157.635,98
157.678,102
157.701,100
157.739,100
157.77,98
157.801,98
157.835,98
157.878,101
157.911,100
157.943,100
157.983,100
158.027,100
158.066,100
158.091,100
158.113,100
158.147,99
158.18,99
158.224,98
158.253,96
158.289,95
158.318,98
158.366,98
158.397,98
158.425,98
158.455,98
158.5,99
158.523,99
158.562,98
158.595,97
158.631,97
158.668,97
158.706,96
158.752,98
158.783,98
158.803,98
158.834,98
158.87,97
158.915,102
158.934,100
158.969,99
159.005,99
159.049,97
159.081,96
159.12,97
159.146,97
159.173,97
159.213,97
159.245,96
159.276,96
159.312,96
159.35,99
159.39,98
159.42,98
159.459,98
159.485,98
159.539,99
159.57,99
159.606,98
159.633,98
159.664,98
159.697,98
159.733,95
159.762,95
159.806,95
159.832,95
159.873,94
159.908,94
159.938,95
159.966,94
160.013,93
160.032,93
160.069,93
160.107,93
160.145,93
160.173,93
160.212,93
160.241,92
160.277,92
160.308,92
160.346,92
160.381,91
160.426,95
160.446,95
160.481,95
160.515,94
160.562,97
160.584,99
160.623,99
160.652,100
160.693,100
160.739,99
160.768,98
160.794,97
160.835,97
160.865,97
160.896,96
160.93,95
160.964,96
161.005,95
161.037,94
161.067,93
161.099,93
161.134,93
161.173,96
161.206,96
161.241,96
161.272,95
161.31,94
161.343,94
161.378,93
161.407,93
161.444,94
161.476,94
161.51,94
161.549,93
161.584,93
161.616,97
161.65,97
161.683,97
161.72,97
161.756,97
161.785,97
161.878,106
161.917,100
161.946,98
161.986,98
162.013,98
162.048,96
162.088,100
162.12,100
162.159,99
162.201,99
162.232,99
162.278,96
162.291,97
162.326,97
162.356,97
162.395,96
162.428,96
162.464,96
162.494,95
162.536,99
162.568,99
162.603,99
162.635,98
162.684,100
162.712,100
162.752,100
162.78,100
162.808,100
162.836,100
162.869,100
162.91,103
162.946,100
162.975,100
163.009,100
163.047,98
163.086,101
163.112,100
163.148,99
163.185,99
163.22,99
163.25,99
163.287,95
163.319,98
163.383,98
163.402,97
163.434,97
163.463,95
163.501,95
163.525,95
163.571,97
163.594,96
163.635,96
163.695,95
163.708,100
163.732,98
163.769,98
163.8,98
163.839,98
163.87,98
163.905,98
163.937,100
163.975,100
164.002,100
164.05,100
164.094,97
164.118,100
164.141,100
164.187,99
164.229,99
164.256,99
164.284,99
164.321,99
164.353,103
164.39,100
164.421,99
164.455,99
164.486,98
164.526,98
164.56,98
164.6,103
164.626,100
164.67,100
164.698,100
164.733,98
164.769,101
164.809,100
164.839,100
164.873,100
164.901,100
164.94,100
164.972,98
165.118,100
165.146,100
165.186,99
165.22,99
165.255,97
165.294,104
165.32,100
165.349,100
165.382,100
165.417,100
165.463,100
165.491,103
165.523,100
165.553,100
165.592,100
165.632,100
165.661,95
165.693,95
165.737,100
165.766,100
165.797,100
165.828,100
165.87,98
165.911,101
165.944,100
165.967,99
166.004,99
166.04,99
166.087,99
166.11,98
166.144,103
166.182,100
166.22,99
166.247,98
166.281,97
166.319,101
166.372,100
166.383,100
166.42,99
166.451,99
166.512,103
166.54,100
166.562,100
166.59,100
166.63,98
166.655,97
166.69,97
166.734,97
166.777,99
166.8,98
166.83,98
166.862,98
166.909,97
166.946,97
166.972,96
167.001,96
167.038,96
167.071,96
167.106,96
167.142,95
167.175,97
167.21,97
167.245,97
167.283,97
167.315,97
167.344,100
167.385,100
167.412,100
167.45,100
167.483,100
167.528,100
167.552,112
167.6,100
167.632,100
167.665,99
167.689,99
167.724,98
167.764,98
167.808,109
167.835,100
167.86,100
167.894,100
167.938,95
167.968,98
168.002,98
168.039,97
168.072,97
168.094,97
168.128,97
168.16,93
168.202,95
168.235,95
168.27,95
168.302,94
168.343,93
168.373,96
168.431,95
168.452,95
168.481,95
168.514,95
168.556,94
168.58,103
168.613,100
168.649,100
168.69,98
168.726,98
168.761,96
168.788,96
168.818,96
168.852,101
168.889,100
168.922,99
168.959,96
168.988,96
169.029,99
169.06,98
169.11,98
169.143,98
169.175,98
169.2,96
169.235,109
169.262,100
169.301,100
169.339,99
169.382,99
169.414,102
169.449,100
169.475,99
169.515,99
169.542,99
169.596,99
169.618,98
169.645,97
169.679,97
169.792,97
169.822,97
169.864,96
169.902,96
169.935,98
169.961,97
169.995,97
170.026,97
170.069,95
170.098,97
170.133,97
170.164,97
170.212,97
170.247,97
170.281,97
170.314,96
170.347,101
170.382,100
170.411,100
170.446,99
170.484,98
170.509,97
170.55,101
170.585,100
170.625,100
170.65,100
170.689,99
170.719,97
170.755,99
170.79,98
170.828,97
170.859,95
170.891,95
170.931,93
170.97,93
171.004,96
171.031,96
171.061,96
171.118,96
171.132,94
171.158,100
171.196,100
171.234,100
171.267,100
171.3,100
171.333,100
171.377,99
171.405,99
171.44,99
171.473,99
171.506,99
171.535,98
171.582,101
171.608,100
171.642,100
171.674,100
171.759,100
171.78,99
171.821,101
171.848,100
171.89,99
171.909,99
171.95,95
171.985,94
172.026,94
172.052,99
172.086,99
172.122,99
172.159,99
172.2,96
172.239,98
172.261,98
172.302,97
172.326,97
172.365,97
172.407,97
172.442,101
172.471,100
172.5,100
172.527,100
172.568,100
172.612,100
172.647,105
172.676,100
172.706,99
172.744,99
172.792,99
172.805,98
172.84,101
172.872,100
172.915,99
172.943,99
172.979,99
173.01,98
173.066,98
173.091,100
173.122,100
173.152,99
173.193,99
173.215,98
173.256,96
173.288,96
173.329,95
173.355,95
173.398,95
173.432,95
173.476,95
173.495,95
173.531,95
173.572,95
173.601,95
173.632,95
173.675,97
173.696,96
173.743,96
173.793,96
173.821,96
173.845,95
173.874,99
173.907,99
173.942,99
173.973,99
174.01,99
174.044,97
174.081,97
174.111,99
174.151,99
174.182,99
174.221,99
174.248,98
174.284,100
174.319,100
174.365,99
174.387,99
174.427,98
174.458,97
174.502,98
174.528,98
174.561,98
174.598,98
174.651,98
174.668,97
174.701,98
174.728,97
174.764,97
174.795,96
174.837,96
174.872,96
174.907,96
174.935,96
174.982,96
175.017,96
175.045,96
175.071,95
175.119,94
175.143,93
175.18,98
175.211,98
175.247,97
175.274,97
175.313,98
175.35,98
175.386,98
175.413,98
175.452,98
175.484,98
175.523,98
175.567,97
175.686,97
175.721,97
175.755,95
175.788,95
175.826,95
175.857,95
175.902,95
175.935,95
175.973,95
175.999,95
176.033,104
176.06,100
176.106,100
176.134,100
176.166,100
176.197,99
176.24,99
176.273,99
176.309,100
176.337,100
176.382,102
176.411,97
176.447,100
176.478,101
176.517,100
176.545,100
176.581,99
176.615,99
176.662,99
176.683,100
176.721,100
176.754,100
176.87,100
176.902,98
176.938,101
176.965,100
177,99
177.045,99
177.065,99
177.1,98
177.135,97
177.17,99
177.206,99
177.235,99
177.277,99
177.309,98
177.352,98
177.38,98
177.416,100
177.446,100
177.488,99
177.519,99
177.557,101
177.591,100
177.629,100
177.655,99
177.688,99
177.721,99
177.764,99
177.794,98
177.827,98
177.867,98
177.903,97
177.925,97
177.973,99
177.997,99
178.037,98
178.092,98
178.109,97
178.137,97
178.176,101
178.208,100
178.244,100
178.275,102
178.316,100
178.347,103
178.382,100
178.411,100
178.451,102
178.483,103
178.523,100
178.55,99
178.584,99
178.62,97
178.661,94
178.685,94
178.787,91
178.823,91
178.862,91
178.884,93
178.915,90
178.952,90
178.986,89
179.02,88
179.058,88
179.082,89
179.12,89
179.174,89
179.219,89
179.241,89
179.258,88
179.296,102
179.349,100
179.378,100
179.411,99
179.434,99
179.486,99
179.504,99
179.534,102
179.565,100
179.606,99
179.637,98
179.672,88
179.715,97
179.749,97
179.767,95
179.81,95
179.915,95
179.954,95
179.98,91
180.015,94
180.06,94
180.101,98
180.129,98
180.161,93
180.188,95
180.23,95
180.277,94
180.303,94
180.328,94
180.368,94
180.404,96
180.443,96
180.464,94
180.507,94
180.546,94
180.579,94
180.694,94
180.728,99
180.769,100
180.817,100
180.833,100
180.865,98
180.903,102
180.942,100
180.976,99
181.006,99
181.039,99
181.087,99
181.132,100
181.157,100
181.185,99
181.227,98
181.255,97
181.287,94
181.316,101
181.348,100
181.394,99
181.423,99
181.454,99
181.485,99
181.523,103
181.563,100
181.591,100
181.625,100
181.665,100
181.694,96
181.73,95
181.761,95
181.799,98
181.844,97
181.866,97
181.909,94
181.956,95
182.002,95
182.018,101
182.052,100
182.082,99
182.131,98
182.151,98
182.185,99
182.224,99
182.26,99
182.29,99
182.325,98
182.355,101
182.397,97
182.43,97
182.465,97
182.495,97
182.534,97
182.567,102
182.606,100
182.639,98
182.668,98
182.713,98
182.752,97
182.787,97
182.82,100
182.846,100
182.878,99
182.911,99
182.943,98
182.974,104
183.108,100
183.133,100
183.164,100
183.2,100
183.24,100
183.27,98
183.304,100
183.342,100
183.377,100
183.405,100
183.446,98
183.479,102
183.512,100
183.544,100
183.583,100
183.615,100
183.645,100
183.683,103
183.739,100
183.75,100
183.781,100
183.814,100
183.852,99
183.882,99
183.915,98
183.955,101
184,100
184.023,100
184.059,98
184.089,99
184.132,98
184.157,98
184.211,97
184.231,97
184.274,97
184.298,97
184.333,98
184.367,97
184.4,97
184.433,97
184.481,97
184.514,99
184.544,99
184.573,98
184.621,98
184.647,98
184.68,98
184.706,100
184.747,100
184.785,100
184.821,99
184.85,98
184.888,97
184.919,97
184.956,96
184.99,100
185.028,100
185.054,100
185.081,100
185.122,104
185.16,100
185.195,100
185.233,100
185.259,99
185.298,99
185.331,99
185.36,100
185.397,100
185.438,99
185.463,99
185.505,96
185.54,97
185.569,96
185.602,96
185.647,96
185.668,96
185.706,96
185.74,98
185.78,98
185.806,98
185.841,97
185.88,97
185.927,97
185.949,96
185.982,95
186.012,99
186.055,99
186.075,99
186.118,98
186.161,103
186.198,100
186.219,100
186.26,100
186.289,99
186.331,99
186.351,99
186.393,104
186.426,100
186.473,100
186.495,98
186.525,96
186.569,102
186.636,100
186.652,99
186.667,99
186.768,99
186.797,98
186.827,97
186.867,99
186.9,99
186.938,99
186.967,99
186.999,97
187.032,97
187.068,97
187.103,101
187.146,100
187.172,100
187.23,100
187.262,105
187.283,100
187.312,100
187.343,100
187.386,100
187.432,99
187.455,99
187.49,102
187.529,100
187.559,100
187.589,100
187.619,94
187.656,93
187.685,97
187.719,97
187.765,97
187.793,97
187.833,96
187.932,94
187.975,98
188.002,97
188.048,97
188.084,97
188.113,97
188.143,95
188.179,95
188.221,100
188.261,100
188.285,100
188.32,100
188.35,99
188.396,102
188.417,100
188.456,100
188.487,99
188.525,99
188.55,99
188.584,95
188.625,96
188.665,96
188.689,96
188.732,96
188.757,94
188.814,98
188.829,98
188.868,97
188.897,97
188.934,97
188.965,97
189.018,98
189.039,98
189.076,98
189.112,96
189.155,96
189.173,95
189.209,95
189.24,95
189.294,94
189.323,94
189.356,94
189.383,93
189.422,95
189.452,95
189.485,95
189.517,95
189.552,94
189.582,93
189.622,92
189.658,95
189.699,95
189.721,95
189.759,95
189.786,95
189.834,98
189.915,97
189.953,97
189.981,97
190.012,97
190.056,97
190.087,100
190.111,100
190.149,100
190.183,100
190.215,100
190.246,100
190.28,100
190.318,103
190.357,100
190.386,100
190.418,100
190.456,99
190.501,100
190.523,100
190.556,100
190.597,100
190.635,100
190.667,100
190.707,104
190.74,104
190.768,100
190.799,99
190.835,97
190.864,97
190.914,102
190.931,100
190.983,100
191.015,99
191.055,99
191.08,97
191.111,96
191.147,95
191.199,94
191.211,94
191.25,94
191.277,94
191.314,94
191.344,97
191.389,96
191.412,96
191.461,96
191.496,95
191.531,97
191.556,97
191.587,97
191.619,97
191.658,97
191.687,96
191.72,96
191.759,98
191.807,98
191.833,98
191.87,98
191.897,98
191.954,99
191.971,98
191.998,98
192.026,97
192.064,97
192.103,96
192.148,96
192.17,96
192.202,96
192.237,96
192.272,96
192.304,96
192.338,96
192.372,96
192.422,98
192.453,98
192.486,98
192.513,98
192.546,105
192.587,100
192.616,100
192.653,99
192.688,99
192.718,103
192.755,100
192.793,102
192.83,100
192.862,100
192.904,99
192.94,95
192.974,96
192.996,95
193.038,94
193.064,94
193.103,91
193.131,90
193.18,92
193.214,91
193.246,91
193.27,89
193.323,89
193.348,89
193.386,89
193.408,89
193.446,92
193.477,92
193.507,92
193.547,91
193.583,91
193.618,93
193.65,93
193.677,93
193.724,91
193.756,89
193.789,88
193.83,90
193.868,90
193.889,88
193.922,88
193.953,88
193.999,91
194.026,91
194.061,91
194.098,92
194.13,92
194.16,92
194.208,95
194.243,94
194.285,94
194.306,94
194.335,94
194.366,94
194.406,97
194.441,97
194.482,99
194.503,100
194.552,100
194.582,98
194.628,98
194.647,97
194.674,97
194.712,97
194.752,97
194.778,96
194.815,96
194.853,95
194.897,94
194.923,94
194.961,94
194.99,94
195.031,94
195.057,95
195.096,94
195.124,94
195.166,94
195.199,94
195.235,94
195.285,97
195.306,97
195.333,97
195.367,97
195.39,96
195.443,96
195.461,96
195.496,98
195.535,97
195.573,97
195.603,97
195.648,97
195.679,98
195.712,98
195.746,98
195.784,98
195.815,98
195.858,97
195.892,96
195.946,99
195.964,99
195.987,99
196.024,99
196.057,99
196.093,104
196.128,100
196.155,100
196.195,100
196.229,98
196.263,98
196.296,99
196.335,98
196.371,98
196.417,98
196.434,98
196.466,95
196.505,95
196.537,95
196.574,99
196.607,99
196.637,98
196.689,96
196.718,99
196.758,99
196.789,99
196.813,98
196.843,98
196.878,98
196.924,98
196.968,100
196.993,100
197.039,100
197.073,100
197.109,98
197.137,97
197.179,99
197.207,98
197.247,98
197.277,98
197.321,98
197.353,105
197.383,100
197.415,100
197.458,100
197.484,100
197.524,100
197.553,100
197.592,99
197.623,102
197.659,100
197.696,100
197.733,98
197.762,98
197.801,99
197.842,98
197.885,98
197.899,98
197.93,97
197.982,97
198.022,107
198.046,100
198.074,100
198.107,99
198.141,99
198.186,103
198.215,100
198.237,99
198.276,98
198.313,98
198.361,98
198.39,93
198.438,93
198.451,93
198.492,90
198.515,90
198.547,88
198.582,87
198.624,86
198.653,89
198.687,89
198.719,89
198.769,88
198.792,88
198.825,90
198.86,90
198.896,89
198.923,89
198.955,89
199.055,89
199.093,90
199.121,90
199.163,89
199.199,89
199.227,89
199.26,88
199.309,90
199.338,89
199.371,89
199.401,89
199.444,87
199.468,85
199.507,90
199.535,90
199.581,90
199.605,90
199.637,89
199.672,88
199.712,87
199.745,92
199.779,92
199.806,92
199.85,92
199.877,91
199.92,93
199.949,93
199.986,92
200.015,92
200.05,92
200.09,92
200.139,94
200.157,94
200.191,94
200.225,94
200.256,93
200.286,91
200.329,94
200.356,94
200.393,94
200.422,94
200.468,94
200.494,93
200.532,95
200.563,95
200.606,95
200.627,94
200.67,94
200.698,93
200.743,93
200.778,97
200.808,97
200.838,97
200.876,97
200.905,95
200.938,100
200.978,100
201.019,100
201.046,100
201.078,100
201.119,99
201.157,97
201.187,99
201.22,99
201.261,99
201.293,99
201.324,98
201.361,101
201.39,100
201.432,99
201.459,99
201.511,98
201.536,98
201.564,98
201.598,97
201.64,97
201.666,96
201.71,96
201.748,94
201.793,94
201.818,94
201.852,98
201.886,98
201.937,98
201.963,98
201.997,106
202.025,100
202.057,100
202.106,100
202.137,100
202.162,100
202.203,100
202.23,101
202.274,100
202.304,100
202.351,99
202.385,96
202.422,100
202.443,99
202.474,99
202.508,98
202.548,97
202.569,97
202.61,97
202.642,96
202.68,96
202.71,96
202.755,96
202.793,95
202.828,95
202.853,96
202.884,95
202.916,95
202.962,95
202.987,94
203.03,96
203.068,96
203.104,96
203.122,96
203.157,96
203.196,96
203.234,95
203.265,98
203.301,98
203.333,97
203.363,97
203.393,96
203.438,102
203.471,100
203.501,100
203.533,100
203.577,100
203.605,99
203.641,102
203.676,100
203.719,100
203.745,100
203.786,100
203.831,99
203.858,99
203.876,98
203.917,101
203.949,100
203.993,100
204.016,99
204.054,100
204.085,100
204.129,100
204.151,100
204.186,100
204.226,100
204.26,100
204.291,100
204.327,100
204.357,100
204.391,99
204.438,99
204.48,104
204.512,100
204.54,100
204.561,100
204.614,100
204.638,100
204.682,103
204.699,99
204.731,99
204.76,99
204.802,98
204.84,96
204.882,95
204.914,96
204.944,94
204.98,94
205.019,94
205.037,93
205.078,94
205.113,94
205.157,94
205.19,94
205.212,94
205.25,94
205.287,93
205.324,96
205.354,96
205.402,96
205.433,96
205.457,96
205.5,101
205.521,100
205.561,98
205.596,98
205.629,97
205.657,96
205.695,100
205.733,100
205.783,100
205.817,100
205.837,99
205.862,94
205.899,94
205.938,99
205.973,99
206.003,99
206.031,99
206.065,98
206.106,100
206.144,100
206.181,100
206.218,99
206.25,98
206.276,98
206.312,94
206.34,98
206.394,98
206.421,98
206.457,98
206.483,98
206.519,110
206.556,100
206.6,100
206.624,100
206.658,100
206.689,100
206.731,102
206.761,100
206.805,100
206.835,100
206.873,100
206.894,96
206.951,96
206.971,96
207.004,97
207.036,97
207.078,97
207.106,97
207.136,97
207.172,99
207.287,99
207.309,99
207.351,98
207.384,98
207.425,98
207.449,99
207.49,98
207.521,98
207.568,98
207.585,98
207.634,99
207.663,99
207.702,99
207.727,99
207.763,99
207.795,99
207.849,99
207.867,99
207.906,99
207.927,99
207.97,99
208.005,97
208.041,97
208.066,97
208.098,95
208.134,95
208.183,95
208.211,94
208.245,93
208.276,97
208.316,97
208.343,97
208.385,97
208.427,97
208.459,97
208.486,97
208.519,100
208.545,100
208.585,100
208.617,100
208.657,99
208.685,100
208.718,99
208.751,99
208.791,99
208.821,99
208.863,98
208.894,98
208.936,98
208.955,98
209.002,98
209.031,98
209.068,98
209.093,98
209.128,98
209.165,99
209.206,99
209.229,99
209.264,98
209.302,100
209.34,100
209.368,100
209.406,100
209.438,100
209.484,100
209.515,100
209.557,103
209.582,100
209.61,100
209.644,100
209.677,99
209.711,100
209.75,100
209.784,100
209.818,100
209.848,100
209.881,100
209.914,102
209.957,100
209.99,100
210.024,98
210.054,98
210.092,97
210.126,97
210.15,96
210.185,97
210.233,97
210.26,97
210.289,95
210.324,97
210.369,97
210.397,97
210.43,97
210.474,97
210.519,97
210.533,96
210.572,98
210.603,97
210.648,97
210.681,95
210.713,94
210.737,94
210.776,94
210.805,93
210.918,93
210.945,93
210.984,93
211.018,93
211.054,93
211.081,93
211.122,93
211.154,93
211.192,93
211.219,93
211.257,93
211.294,101
211.336,100
211.357,100
211.398,100
211.433,103
211.479,100
211.501,100
211.528,100
211.575,99
211.618,98
211.64,98
211.696,99
211.716,99
211.748,99
211.772,98
211.808,95
211.846,95
211.89,98
211.919,97
211.948,97
211.976,96
212.016,96
212.042,95
212.088,97
212.116,97
212.153,96
212.195,94
212.25,94
212.269,93
212.29,93
212.321,94
212.364,94
212.396,94
212.428,94
212.462,93
212.503,93
212.533,93
212.57,93
212.603,92
212.643,91
212.665,90
212.71,98
212.739,98
212.773,98
212.8,97
212.843,96
212.866,96
212.907,97
212.943,97
212.988,97
213.011,97
213.06,97
213.085,94
213.113,96
213.142,96
213.183,94
213.211,94
213.252,94
213.279,94
213.312,93
213.355,95
213.403,95
213.425,95
213.458,95
213.486,95
213.524,103
213.559,100
213.589,99
213.632,98
213.665,98
213.689,98
213.746,100
213.763,100
213.801,99
213.823,97
213.864,97
213.897,94
213.931,95
213.96,95
214,94
214.03,94
214.069,94
214.098,93
214.14,95
214.168,94
214.206,93
214.239,93
214.273,93
214.301,92
214.341,92
214.377,92
214.419,94
214.445,92
214.473,92
214.508,90
214.554,93
214.58,93
214.616,93
214.654,93
214.693,92
214.721,92
214.828,93
214.844,91
214.882,90
214.927,90
214.966,90
214.995,89
215.02,103
215.048,100
215.085,100
215.122,99
215.157,99
215.184,98
215.218,98
215.26,99
215.301,99
215.323,97
215.37,97
215.394,89
215.436,89
215.464,89
215.509,94
215.533,93
215.567,92
215.602,92
215.638,96
215.669,96
215.738,96
215.775,96
215.804,96
215.828,95
215.877,95
215.903,94
215.937,94
215.967,94
216.003,93
216.037,92
216.071,95
216.11,95
216.14,95
216.17,95
216.206,95
216.236,94
216.282,94
216.312,94
216.344,94
216.374,94
216.419,94
216.446,93
216.482,92
216.52,92
216.571,94
216.596,94
216.618,94
216.659,93
216.7,97
216.725,96
216.758,96
216.793,96
216.829,96
216.859,96
216.9,96
216.927,96
216.96,96
216.998,96
217.039,95
217.065,95
217.1,95
217.133,97
217.176,96
217.211,96
217.247,96
217.272,96
217.318,95
217.348,94
217.377,94
217.408,94
217.45,93
217.482,93
217.517,92
217.547,92
217.583,95
217.616,95
217.669,95
217.684,94
217.722,94
217.757,95
217.787,95
217.823,95
217.859,95
217.891,95
217.927,95
217.964,96
217.993,96
218.027,96
218.065,96
218.094,95
218.13,95
218.167,97
218.22,96
218.235,96
218.264,96
218.298,96
218.343,96
218.371,97
218.4,97
218.438,96
218.476,96
218.507,96
218.546,94
218.574,94
218.622,97
218.65,97
218.695,97
218.813,97
218.854,96
218.878,100
218.923,100
218.96,100
218.99,100
219.017,100
219.059,100
219.094,100
219.131,100
219.157,99
219.196,99
219.219,99
219.262,97
219.294,101
219.337,100
219.358,100
219.391,100
219.431,100
219.466,100
219.498,101
219.53,100
219.561,100
219.609,100
219.634,100
219.675,98
219.71,98
219.751,103
219.774,100
219.809,100
219.844,100
219.883,99
219.913,102
219.946,100
219.985,100
220.018,100
220.05,100
220.09,99
220.124,97
220.162,99
220.191,99
220.225,99
220.256,99
220.297,98
220.324,98
220.364,97
220.395,97
220.425,97
220.459,97
220.502,97
220.534,101
220.564,100
220.596,98
220.639,97
220.663,97
220.696,97
220.733,97
220.77,97
220.803,99
220.833,99
220.878,98
220.921,96
220.946,96
220.975,95
221.011,94
221.047,94
221.076,94
221.111,93
221.142,91
221.185,90
221.222,90
221.255,89
221.284,88
221.319,88
221.359,94
221.396,94
221.424,94
221.454,94
221.494,94
221.549,94
221.584,98
221.603,98
221.627,98
221.668,98
221.698,96
221.73,94
221.766,94
221.814,98
221.848,98
221.878,98
221.903,98
221.944,97
221.972,99
222.009,99
222.042,99
222.084,99
222.11,99
222.143,99
222.174,99
222.212,102
222.244,100
222.282,100
222.31,100
222.356,98
222.396,102
222.43,99
222.448,98
222.497,98
222.533,98
222.56,98
222.589,98
222.628,99
222.656,99
222.696,99
222.724,99
222.756,98
222.799,98
222.836,97
222.867,102
222.901,100
222.93,100
222.972,100
223.006,99
223.04,102
223.072,100
223.111,100
223.149,100
223.179,100
223.208,100
223.248,110
223.276,100
223.314,100
223.344,100
223.382,99
223.417,98
223.457,102
223.484,100
223.521,99
223.556,99
223.608,99
223.625,96
223.657,99
223.69,99
223.728,97
223.755,96
223.803,96
223.835,95
223.88,97
223.895,97
223.928,97
223.965,96
224.004,96
224.034,96
224.077,98
224.115,98
224.139,98
224.2,98
224.234,98
224.257,97
224.284,99
224.316,98
224.351,97
224.382,97
224.425,97
224.46,97
224.499,96
224.526,95
224.561,95
224.588,95
224.628,95
224.658,94
224.692,101
224.722,100
224.769,100
224.796,100
224.828,99
224.859,99
224.904,99
224.935,101
224.967,100
224.999,100
225.034,100
225.065,98
225.107,100
225.143,100
225.176,100
225.224,100
225.257,100
225.295,100
225.321,100
225.342,99
225.385,99
225.413,99
225.452,98
225.485,96
225.517,98
225.548,96
225.591,96
225.621,96
225.665,96
225.701,95
225.736,100
225.761,100
225.794,99
225.826,99
225.86,99
225.898,97
225.937,97
225.964,103
226,100
226.031,100
226.075,100
226.108,100
226.141,101
226.175,100
226.209,100
226.244,100
226.277,100
226.308,100
226.344,99
226.381,100
226.417,100
226.448,100
226.492,100
226.522,100
226.571,104
226.6,100
226.621,100
226.651,99
226.708,99
226.729,99
226.764,105
226.79,100
226.84,100
226.881,100
226.902,99
226.926,99
226.971,99
226.999,102
227.138,100
227.172,100
227.216,100
227.234,99
227.268,101
227.303,99
227.34,99
227.375,99
227.408,98
227.438,98
227.479,98
227.506,98
227.546,98
227.573,97
227.621,97
227.654,97
227.709,97
227.723,96
227.752,95
227.783,95
227.82,95
227.847,95
227.886,95
227.924,96
227.972,96
227.992,96
228.021,95
228.051,95
228.092,95
228.122,95
228.158,98
228.192,98
228.248,98
228.268,98
228.295,97
228.327,97
228.365,97
228.395,96
228.437,96
228.473,96
228.52,95
228.547,94
228.572,94
228.606,94
228.639,94
228.669,93
228.719,93
228.757,107
228.788,100
228.813,100
228.849,100
228.875,100
228.907,99
228.955,100
228.993,100
229.018,100
229.046,100
229.084,100
229.129,99
229.151,99
229.184,99
229.215,99
229.262,99
229.287,99
229.328,99
229.363,100
229.396,100
229.425,100
229.463,99
229.488,98
229.529,98
229.564,98
229.605,99
229.634,99
229.663,99
229.695,99
229.731,99
229.767,99
229.807,99
229.84,99
229.878,97
229.899,97
229.938,97
229.969,99
230.02,99
230.047,99
230.145,99
230.166,99
230.202,99
230.231,99
230.264,99
230.3,101
230.341,100
230.367,100
230.405,99
230.445,100
230.483,100
230.506,100
230.548,100
230.571,100
230.612,100
230.643,100
230.683,101
230.71,100
230.76,100
230.788,100
230.831,100
230.852,103
230.881,100
230.914,100
230.956,100
230.986,100
231.021,100
231.055,102
231.094,100
231.125,99
231.159,99
231.189,98
231.239,96
231.277,96
231.31,99
231.336,99
231.373,99
231.396,99
231.442,97
231.481,98
231.508,98
231.536,98
231.571,98
231.607,98
231.643,98
231.669,97
231.704,102
231.736,100
231.78,99
231.81,99
231.849,99
231.874,101
231.917,100
231.953,100
231.991,100
232.018,100
232.054,100
232.084,101
232.122,100
232.152,100
232.184,100
232.217,100
232.258,100
232.292,100
232.332,100
232.356,100
232.398,100
232.429,100
232.47,99
232.504,98
232.537,98
232.562,98
232.604,98
232.633,98
232.663,98
232.696,98
232.813,101
232.838,100
232.874,100
232.901,100
232.945,100
232.977,100
233.015,100
233.043,100
233.087,100
233.122,99
233.157,99
233.185,102
233.222,100
233.247,100
233.294,100
233.327,100
233.366,100
233.389,100
233.427,105
233.458,100
233.504,100
233.528,100
233.563,99
233.595,100
233.639,99
233.663,98
233.705,98
233.745,98
233.779,98
233.804,98
233.833,98
233.865,98
233.909,98
233.936,98
233.971,98
234.004,100
234.041,99
234.071,99
234.112,99
234.139,99
234.174,99
234.211,100
234.25,99
234.278,99
234.316,99
234.343,99
234.381,98
234.415,98
234.453,98
234.486,98
234.527,98
234.551,98
234.601,97
234.647,101
234.68,99
234.698,99
234.73,99
234.759,99
234.796,99
234.833,99
234.875,101
234.905,100
234.936,100
234.964,100
235.007,98
235.035,101
235.075,100
235.104,100
235.144,100
235.172,100
235.211,100
235.239,99
235.279,100
235.307,100
235.345,100
235.373,100
235.426,98
235.457,98
235.495,99
235.517,98
235.553,98
235.586,97
235.62,97
235.652,97
235.698,110
235.723,100
235.771,100
235.802,100
235.841,100
235.868,100
235.906,104
235.931,100
235.965,99
235.997,99
236.036,99
236.078,93
236.121,95
236.148,95
236.191,94
236.214,94
236.264,93
236.29,92
236.32,97
236.349,97
236.387,97
236.421,95
236.456,94
236.485,94
236.521,93
236.563,96
236.597,96
236.626,95
236.672,94
236.702,91
236.747,94
236.766,94
236.806,94
236.837,93
236.874,92
236.907,92
237.022,96
237.041,94
237.076,93
237.103,93
237.144,92
237.174,92
237.218,94
237.244,91
237.279,90
237.309,89
237.344,89
237.372,86
237.426,89
237.456,89
237.499,89
237.518,89
237.551,89
237.574,88
237.608,88
237.643,87
237.678,92
237.711,92
237.749,92
237.78,92
237.935,59
237.964,59
237.996,59
238.025,58
238.06,56
238.091,56
238.131,55
238.162,59
238.196,59
238.23,59
238.269,59
238.297,58
238.335,62
238.37,62
238.412,60
238.442,60
238.474,60
238.504,60
238.548,64
238.571,64
238.604,64
238.64,63
238.762,63
238.788,62
238.826,60
238.858,60
238.902,63
238.93,63
238.964,63
239,61
239.042,63
239.069,63
239.109,63
239.136,63
239.172,63
239.201,63
239.248,63
239.279,66
239.311,65
239.341,65
239.378,64
239.407,64
239.45,70
239.479,70
239.512,69
239.545,69
239.577,69
239.608,69
239.644,68
239.682,74
239.72,73
239.759,73
239.815,73
239.84,69
239.853,69
239.888,65
239.925,68
239.956,68
239.989,67
240.026,67
240.071,70
240.1,69
240.134,68
240.161,68
240.199,68
240.231,68
240.272,68
240.297,68
240.33,71
240.369,71
240.405,70
240.434,69
240.469,69
240.514,71
240.623,71
240.641,71
240.668,71
240.701,71
240.744,71
240.773,73
240.808,73
240.839,72
240.887,72
240.917,72
240.951,71
240.979,71
241.02,73
241.043,73
241.083,73
241.12,73
241.168,73
241.197,73
241.225,72
241.253,72
241.287,72
241.316,71
241.36,71
241.397,71
241.434,74
241.47,74
241.5,74
241.525,74
241.582,74
241.603,75
241.637,74
241.662,74
241.7,74
241.736,74
241.779,74
241.806,76
241.843,76
241.87,76
241.911,76
241.941,76
241.972,76
242.015,76
242.049,77
242.083,77
242.109,77
242.142,77
242.181,74
242.213,76
242.247,76
242.276,75
242.311,75
242.346,75
242.385,75
242.414,75
242.449,77
242.482,76
242.522,76
242.558,76
242.595,75
242.628,80
242.66,80
242.692,80
242.727,80
242.756,80
242.805,80
242.833,78
242.88,78
242.897,78
242.946,78
242.975,77
243.005,76
243.036,76
243.073,75
243.103,74
243.145,74
243.183,74
243.211,73
243.244,72
243.287,72
243.312,72
243.35,72
243.466,72
243.508,71
243.53,71
243.567,75
243.602,75
243.637,75
243.667,75
243.705,75
243.737,75
243.777,81
243.807,81
243.847,80
243.87,80
243.919,80
243.949,82
243.985,81
244.01,81
244.044,81
244.079,81
244.115,81
244.149,80
244.196,81
244.221,81
244.252,81
244.295,80
244.327,78
244.357,83
244.392,83
244.421,83
244.457,83
244.489,82
244.528,82
244.555,82
244.593,82
244.627,82
244.663,82
244.697,82
244.752,81
244.773,81
244.8,80
244.824,79
244.864,79
244.898,79
244.936,79
244.963,79
245.015,82
245.039,82
245.085,86
245.11,85
245.148,85
245.175,86
245.232,86
245.246,86
245.285,85
245.326,86
245.347,86
245.378,85
245.413,86
245.447,86
245.478,86
245.51,86
245.552,86
245.582,86
245.616,86
245.646,88
245.689,87
245.719,87
245.754,87
245.782,86
245.825,87
245.847,87
245.892,86
245.918,86
245.967,86
245.997,86
246.039,87
246.064,86
246.1,85
246.122,84
246.165,84
246.195,84
246.234,84
246.259,84
246.299,85
246.339,85
246.373,85
246.397,85
246.434,87
246.467,87
246.506,87
246.54,87
246.587,86
246.607,86
246.645,86
246.676,87
246.713,86
246.743,86
246.776,86
246.811,84
246.866,85
246.883,85
246.924,85
246.954,85
246.986,85
247.016,85
247.058,89
247.084,89
247.12,89
247.149,89
247.188,89
247.22,88
247.259,87
247.285,87
247.332,89
247.375,89
247.404,89
247.428,88
247.466,89
247.494,89
247.534,88
247.565,88
247.613,88
247.639,87
247.688,89
247.705,88
247.741,88
247.766,88
247.8,87
247.838,87
247.877,88
247.905,88
247.952,86
247.979,85
248.011,84
248.047,83
248.083,83
248.118,88
248.151,87
248.184,87
248.219,87
248.251,86
248.292,86
248.323,85
248.357,89
248.402,89
248.431,89
248.455,88
248.511,89
248.533,89
248.59,89
248.611,89
248.634,89
248.669,89
248.699,88
248.731,88
248.774,88
248.795,88
248.838,87
248.871,86
248.902,89
248.935,89
248.976,87
249.006,87
249.051,86
249.07,86
249.109,86
249.152,86
249.192,85
249.213,85
249.245,85
249.282,84
249.321,84
249.348,84
249.386,87
249.432,87
249.459,87
249.486,86
249.52,86
249.554,90
249.591,90
249.619,89
249.661,89
249.691,89
249.724,89
249.762,92
249.801,92
249.828,92
249.864,92
249.895,92
249.943,90
249.976,99
250.009,99
250.035,97
250.088,97
250.112,97
250.14,96
250.168,97
250.21,97
250.239,96
250.279,96
250.308,96
250.345,95
250.379,95
250.424,98
250.451,96
250.482,96
250.509,96
250.553,96
250.581,103
250.62,100
250.649,100
250.689,100
250.714,99
250.755,99
250.786,97
250.827,100
250.858,100
250.916,99
250.931,99
250.963,93
250.992,94
251.027,94
251.059,93
251.098,93
251.127,93
251.164,93
251.262,93
251.298,93
251.328,93
251.37,93
251.411,93
251.442,92
251.47,92
251.5,95
251.55,94
251.585,94
251.605,94
251.64,91
251.671,91
251.707,91
251.739,91
251.778,91
251.81,91
251.852,91
251.875,91
251.917,95
251.953,94
251.989,93
252.021,93
252.058,93
252.087,95
252.123,94
252.155,94
252.198,94
252.22,94
252.258,94
252.292,95
252.331,94
252.357,94
252.403,92
252.429,92
252.468,92
252.493,92
252.532,92
252.567,95
252.66,95
252.69,95
252.732,95
252.754,98
252.788,98
252.827,98
252.871,98
252.905,97
252.922,96
252.959,96
252.998,96
253.028,96
253.073,96
253.102,94
253.149,94
253.174,94
253.201,94
253.231,94
253.272,93
253.303,93
253.342,93
253.376,93
253.417,93
253.439,93
253.478,93
253.514,93
253.566,93
253.592,93
253.625,93
253.651,103
253.682,100
253.718,100
253.764,100
253.792,103
253.821,100
253.848,100
253.888,100
253.916,99
253.957,98
253.988,98
254.031,97
254.07,97
254.105,96
254.129,96
254.161,96
254.194,96
254.232,97
254.266,96
254.303,96
254.331,96
254.366,96
254.399,95
254.449,96
254.482,96
254.516,95
254.541,95
254.577,95
254.61,95
254.642,95
254.682,98
254.713,98
254.743,98
254.784,98
254.811,98
254.844,102
254.88,100
254.928,100
254.949,100
254.987,100
255.032,99
255.057,97
255.088,103
255.123,100
255.155,100
255.194,100
255.223,99
255.261,103
255.295,100
255.334,100
255.358,100
255.393,100
255.433,100
255.467,99
255.497,98
255.532,98
255.562,97
255.609,96
255.635,94
255.683,94
255.705,94
255.755,99
255.784,98
255.824,98
255.93,97
255.966,100
255.999,100
256.043,100
256.071,100
256.119,100
256.134,100
256.175,100
256.205,101
256.237,100
256.269,99
256.309,99
256.341,98
256.375,99
256.404,98
256.46,97
256.491,97
256.524,97
256.549,97
256.586,99
256.609,99
256.652,99
256.68,97
256.717,97
256.746,94
256.79,94
256.841,97
256.872,97
256.886,97
256.927,97
256.948,95
256.991,95
257.029,96
257.074,96
257.093,96
257.126,96
257.159,96
257.2,95
257.225,97
257.264,96
257.289,96
257.333,96
257.364,96
257.398,97
257.429,97
257.479,97
257.505,97
257.539,97
257.567,97
257.607,104
257.643,100
257.671,100
257.703,100
257.742,99
257.767,96
257.816,96
257.84,96
257.88,98
257.906,98
257.945,98
257.976,94
258.014,93
258.042,94
258.08,92
258.112,92
258.149,92
258.179,92
258.22,91
258.252,92
258.288,92
258.317,92
258.354,92
258.383,92
258.424,92
258.463,93
258.498,92
258.521,92
258.557,92
258.587,92
258.631,89
258.66,91
258.697,91
258.728,91
258.771,91
258.804,89
258.847,88
258.867,88
258.903,91
258.937,91
258.975,91
259,91
259.036,89
259.068,90
259.118,90
259.146,90
259.179,89
259.207,88
259.248,88
259.277,86
259.317,85
259.344,85
259.381,85
259.415,84
259.458,83
259.495,88
259.528,88
259.549,88
259.588,88
259.618,88
259.661,87
259.687,90
259.727,88
259.759,88
259.799,88
259.82,88
259.869,85
259.89,85
259.932,88
259.959,87
260.002,86
260.023,86
260.066,84
260.097,85
260.14,85
260.163,84
260.203,84
260.229,84
260.27,84
260.302,82
260.339,83
260.367,83
260.407,83
260.441,82
260.474,81
260.506,81
260.54,81
260.575,81
260.611,80
260.642,80
260.681,80
260.71,78
260.745,79
260.781,79
260.82,79
260.848,79
260.893,79
260.919,78
260.965,78
261.001,79
261.04,79
261.062,79
261.094,79
261.124,79
261.161,81
261.193,81
261.237,81
261.272,81
261.306,81
261.333,81
261.363,81
261.4,81
261.437,81
261.468,81
261.5,81
261.534,78
261.582,79
261.611,79
261.651,79
261.671,78
261.715,78
261.745,78
261.777,80
261.809,80
261.851,80
261.873,80
261.918,80
261.949,78
261.994,78
262.022,82
262.068,82
262.09,81
262.118,81
262.15,81
262.184,82
262.224,82
262.258,82
262.287,81
262.323,81
262.364,81
262.394,80
262.427,84
262.462,84
262.493,83
262.538,83
262.576,82
262.607,85
262.631,85
262.664,85
262.694,85
262.74,85
262.768,85
262.803,86
262.834,86
262.874,86
262.907,85
262.941,84
262.974,83
263.014,83
263.052,83
263.085,83
263.11,81
263.144,81
263.177,79
263.219,81
263.249,81
263.282,81
263.315,81
263.355,81
263.388,81
263.426,81
263.458,85
263.485,85
263.52,85
263.572,84
263.591,81
263.622,85
263.655,85
263.689,85
263.73,85
263.766,85
263.794,85
263.827,86
263.865,86
263.905,86
263.932,85
263.974,85
264.002,85
264.043,84
264.072,84
264.108,88
264.138,88
264.174,87
264.214,86
264.251,89
264.281,89
264.32,89
264.35,89
264.394,89
264.423,89
264.46,89
264.489,94
264.53,94
264.562,94
264.597,92
264.629,92
264.671,94
264.698,94
264.735,94
264.766,93
264.811,92
264.838,92
264.871,90
264.907,91
264.942,91
264.972,91
265.016,91
265.044,91
265.084,91
265.119,91
265.148,91
265.18,90
265.222,90
265.255,90
265.288,90
265.322,93
265.361,93
265.393,93
265.429,93
265.459,93
265.495,93
265.537,94
265.579,93
265.612,93
265.64,93
265.666,93
265.706,93
265.743,93
265.778,92
265.809,92
265.841,92
265.873,91
265.92,91
265.952,93
265.989,93
266.013,93
266.055,93
266.09,93
266.142,92
266.164,92
266.19,97
266.228,96
266.264,96
266.293,96
266.326,96
266.36,100
266.399,99
266.43,99
266.464,99
266.506,98
266.545,96
266.576,94
266.613,101
266.638,100
266.672,99
266.716,99
266.76,98
266.785,102
266.816,100
266.843,100
266.9,100
266.924,100
266.964,100
266.99,102
267.108,100
267.135,100
267.166,99
267.196,99
267.238,97
267.264,96
267.312,97
267.361,97
267.387,97
267.412,97
267.446,95
267.475,97
267.519,97
267.551,96
267.581,96
267.616,96
267.657,96
267.693,96
267.724,96
267.746,96
267.789,96
267.818,96
267.855,96
267.893,97
267.932,96
267.962,96
267.997,95
268.025,95
268.059,95
268.091,95
268.138,96
268.165,96
268.201,96
268.241,96
268.271,95
268.309,95
268.344,95
268.374,95
268.407,95
268.439,95
268.491,95
268.53,95
268.554,95
268.58,95
268.623,95
268.65,95
268.685,95
268.716,95
268.758,94
268.79,94
268.827,94
268.855,94
268.89,94
268.924,94
268.963,96
268.995,95
269.03,95
269.062,95
269.093,95
269.138,94
269.187,94
269.207,93
269.234,93
269.272,93
269.309,93
269.341,91
269.391,91
269.406,93
269.448,93
269.481,93
269.513,93
269.543,93
269.581,94
269.617,93
269.651,93
269.681,93
269.72,93
269.747,93
269.792,95
269.822,95
269.857,95
269.888,95
269.939,95
269.974,95
270.005,98
270.027,98
270.069,98
270.094,98
270.132,98
270.165,97
270.205,100
270.231,100
270.272,100
270.308,100
270.353,100
270.381,99
270.434,98
270.45,100
270.477,100
270.51,100
270.549,100
270.578,97
270.62,99
270.648,98
270.69,98
270.715,98
270.747,98
270.785,97
270.83,95
270.855,100
270.89,100
270.927,99
270.966,99
270.994,99
271.03,102
271.066,100
271.106,100
271.135,100
271.166,100
271.2,100
271.245,99
271.293,99
271.318,98
271.356,98
271.389,98
271.413,98
271.45,98
271.479,98
271.612,99
271.649,98
271.687,98
271.714,98
271.749,99
271.782,99
271.818,99
271.855,99
271.89,98
271.922,98
271.962,98
271.986,100
272.028,100
272.06,100
272.101,100
272.127,99
272.166,99
272.208,99
272.248,99
272.274,99
272.306,99
272.335,98
272.378,100
272.405,100
272.441,99
272.48,99
272.519,99
272.545,99
272.582,99
272.61,99
272.651,102
272.686,100
272.721,99
272.756,99
272.796,100
272.823,100
272.865,100
272.893,100
272.922,100
272.963,100
273.005,99
273.033,99
273.066,98
273.095,98
273.138,98
273.161,98
273.202,98
273.238,99
273.279,99
273.304,99
273.338,99
273.373,99
273.418,99
273.441,99
273.484,99
273.516,98
273.558,97
273.596,97
273.62,96
273.652,96
273.691,97
273.72,97
273.756,97
273.793,97
273.828,97
273.86,98
273.897,98
273.922,97
273.96,97
273.996,97
274.036,97
274.067,97
274.099,100
274.133,99
274.177,98
274.204,98
274.254,97
274.285,99
274.319,99
274.343,99
274.377,99
274.408,98
274.452,98
274.475,99
274.517,99
274.553,99
274.59,98
274.616,98
274.657,97
274.701,97
274.723,96
274.753,96
274.804,96
274.842,96
274.87,95
274.899,98
274.929,97
274.962,97
274.997,97
275.032,97
275.068,97
275.116,97
275.147,98
275.191,97
275.221,95
275.244,95
275.275,92
275.311,96
275.354,96
275.382,95
275.425,95
275.445,95
275.482,94
275.535,100
275.554,100
275.593,100
275.635,100
275.661,100
275.695,99
275.723,99
275.763,99
275.79,102
275.836,100
275.862,100
275.975,97
276.014,99
276.055,99
276.071,99
276.099,98
276.131,95
276.174,95
276.204,95
276.24,98
276.275,97
276.32,96
276.344,95
276.38,94
276.411,94
276.451,95
276.477,95
276.515,95
276.551,95
276.587,95
276.635,96
276.66,96
276.708,96
276.732,96
276.754,96
276.795,96
276.822,95
276.869,94
276.895,96
276.929,94
276.962,94
277.01,93
277.044,93
277.092,92
277.104,92
277.133,92
277.168,92
277.212,92
277.246,92
277.286,92
277.314,91
277.345,91
277.383,90
277.413,90
277.446,90
277.486,94
277.512,94
277.554,94
277.585,94
277.628,93
277.666,92
277.69,97
277.726,97
277.766,97
277.79,97
277.832,97
277.864,95
277.91,95
277.936,95
277.973,100
277.997,100
278.041,100
278.072,99
278.116,100
278.144,100
278.18,100
278.211,99
278.256,99
278.279,98
278.319,97
278.355,99
278.391,99
278.417,99
278.451,98
278.484,98
278.53,104
278.563,100
278.6,100
278.636,100
278.667,100
278.697,99
278.732,99
278.766,99
