0.00980794,0
0.0498529,0
0.0853321,0
0.126518,0
0.150854,0
0.197564,0
0.220831,0
0.268244,0
0.288119,0
0.325898,0
0.356962,0
0.403166,0
0.427765,0
0.464287,0
0.495862,0
0.537792,0
0.560505,0
0.604549,0
0.63892,0
0.676574,0
0.706094,0
0.74415,0
0.778293,0
0.81415,0
0.843009,0
0.884141,0
0.917762,0
0.958258,0
0.984583,0
1.02295,0
1.04938,0
1.09475,0
1.12418,0
1.15915,0
1.19791,0
1.25239,0
1.26835,0
1.30569,0
1.33045,0
1.37326,0
1.40041,0
1.4497,0
1.47869,0
1.5093,0
1.53811,0
1.58286,0
1.61269,0
1.64834,0
1.67667,0
1.72249,0
1.75099,0
1.78512,0
1.81552,0
1.86045,0
1.89455,0
1.93198,0
1.96064,0
1.99623,0
2.03104,0
2.0843,0
2.10885,0
2.14509,0
2.17033,0
2.20398,0
2.23865,0
2.27802,0
2.30633,0
2.34948,0
2.371,0
2.4148,0
2.44787,0
2.49226,0
2.52437,0
2.55234,0
2.58387,0
2.626,0
2.65347,0
2.68621,0
2.71862,0
2.75761,0
2.78713,0
2.82641,0
2.85591,0
2.9112,0
2.93559,0
2.98104,0
2.99498,0
3.04967,0
3.06595,0
3.1042,0
3.13472,0
3.17122,0
3.20799,0
3.244,0
3.27606,0
3.31298,0
3.34013,0
3.38142,0
3.41548,0
3.45251,0
3.47803,0
3.52564,0
3.55689,0
3.59193,0
3.62177,0
3.66845,0
3.69363,0
3.73065,0
3.76204,0
3.8042,0
3.83008,0
3.86763,0
3.90453,0
3.93974,0
3.97016,0
4.00869,0
4.04251,0
4.08566,0
4.10215,0
4.13418,0
4.16844,0
4.21338,0
4.2451,0
4.27603,0
4.30695,0
4.35377,0
4.37965,0
4.41652,0
4.44515,0
4.4837,0
4.52258,0
4.55693,0
4.59038,0
4.61882,0
4.65617,0
4.69718,0
4.72862,0
4.76522,0
4.79495,0
4.83486,0
4.86529,0
4.90074,0
4.93266,0
4.97413,0
5.00125,0
5.04277,0
5.07314,0
5.13164,0
5.15097,0
5.18189,0
5.21312,0
5.24842,0
5.28332,0
5.31786,0
5.35464,0
5.39825,0
5.42503,0
5.46126,0
5.49004,0
5.52676,0
5.55796,0
5.59716,0
5.62709,0
5.66861,1
5.70311,1
5.73084,1
5.77626,1
5.80524,2
5.84195,2
5.86291,2
5.89603,2
5.93122,2
5.96745,2
6.0085,2
6.04489,2
6.07822,2
6.10559,2
6.15617,2
6.17535,2
6.20497,2
6.23746,2
6.28113,2
6.30234,2
6.34032,2
6.37483,2
6.39544,2
6.43034,2
6.47242,2
6.49812,2
6.53551,2
6.56651,2
6.6055,2
6.63838,3
6.67733,3
6.70571,3
6.74584,3
6.78068,3
6.81924,3
6.84775,3
6.88589,3
6.91257,3
6.95464,3
6.98515,3
7.03025,3
7.06451,3
7.09784,3
7.12082,3
7.17673,3
7.1949,5
7.22478,5
7.26077,5
7.30277,5
7.32802,5
7.36205,5
7.40483,5
7.44118,5
7.47234,7
7.5145,7
7.54035,7
7.57504,8
7.61184,8
7.64829,8
7.68045,8
7.72128,8
7.75188,9
7.79202,9
7.81866,9
7.85615,11
7.89104,11
7.93136,11
7.96391,11
7.99692,11
8.02851,11
8.07209,11
8.10258,13
8.13809,13
8.16741,13
8.22872,13
8.2567,13
8.27747,13
8.30907,13
8.35114,14
8.37924,14
8.41759,14
8.45075,14
8.49037,14
8.52074,14
8.55599,15
8.59052,15
8.61833,15
8.64849,15
8.68649,15
8.71502,15
8.75676,16
8.78719,16
8.82788,16
8.85425,16
8.89028,16
8.93075,16
8.97002,16
8.99706,16
9.02926,16
9.066,16
9.10565,16
9.13687,16
9.17085,16
9.2031,16
9.25227,16
9.28677,16
9.30701,16
9.33119,16
9.37162,16
9.4028,16
9.43916,16
9.47253,16
9.50501,16
9.54197,16
9.58072,16
9.61177,16
9.65087,16
9.6804,16
9.72174,16
9.75273,16
9.78433,16
9.82164,16
9.85751,16
9.89131,16
9.93401,16
9.95795,16
10.0001,16
10.0291,16
10.067,16
10.0974,17
10.139,17
10.1686,18
10.2119,18
10.2434,18
10.2837,18
10.3102,18
10.3478,18
10.3814,19
10.4236,19
10.4482,19
10.4861,19
10.5233,19
10.5596,19
10.5851,20
10.6203,20
10.6551,20
10.6981,20
10.7268,20
10.777,20
10.8108,20
10.8544,20
10.8779,20
10.9345,20
10.9499,20
10.9729,20
11.0103,20
11.0496,21
11.08,22
11.123,22
11.1525,22
11.188,22
11.2196,22
11.2574,22
11.2951,22
11.3394,22
11.3635,22
11.3942,22
11.433,22
11.4707,22
11.4986,22
11.534,22
11.5665,22
11.6079,22
11.6398,22
11.6766,22
11.7054,22
11.7486,23
11.7781,23
11.8158,23
11.8443,23
11.884,23
11.9152,23
11.9583,24
11.9859,25
12.021,25
12.0541,25
12.1026,25
12.127,25
12.1645,26
12.1969,26
12.2349,26
12.2685,26
12.3109,26
12.3525,26
12.3801,26
12.4064,27
12.4444,27
12.474,28
12.5165,28
12.5441,29
12.5845,29
12.6158,29
12.6561,29
12.6812,30
12.7181,30
12.752,31
12.793,31
12.8273,32
12.867,32
12.8935,32
12.9277,32
12.9639,32
13.0063,33
13.0356,33
13.0695,33
13.1028,33
13.1411,33
13.1744,33
13.2084,33
13.2397,33
13.293,33
13.317,33
13.3445,33
13.3824,33
13.4121,33
13.4441,33
13.48,33
13.5145,33
13.5609,33
13.5968,33
13.6348,33
13.6555,33
13.6965,33
13.7258,33
13.7637,33
13.7955,33
13.8418,33
13.8599,33
13.9008,33
13.9358,33
13.9675,33
14.001,33
14.0451,33
14.0738,33
14.1073,33
14.1426,33
14.1871,33
14.2139,33
14.2522,33
14.2868,33
14.3088,33
14.3318,33
14.3726,33
14.4162,33
14.456,33
14.4775,33
14.5073,33
14.5433,33
14.577,33
14.6069,33
14.6463,34
14.6816,34
14.7188,34
14.7482,34
14.7913,34
14.8224,34
14.8563,34
14.8909,34
14.9113,34
14.9433,34
14.9966,34
15.0183,34
15.0692,34
15.1008,34
15.1372,34
15.1621,34
15.1983,34
15.2259,34
15.2658,34
15.3002,34
15.3351,34
15.3656,34
15.405,34
15.443,34
15.4796,34
15.5117,34
15.5433,34
15.5752,34
15.6277,34
15.6497,34
15.6862,34
15.7181,35
15.7603,35
15.7894,35
15.836,35
15.8599,35
15.8976,35
15.9301,35
15.9671,35
15.9995,35
16.0346,35
16.0645,35
16.1089,35
16.1388,35
16.173,35
16.2054,35
16.2483,35
16.2783,35
16.3132,35
16.3522,35
16.4023,35
16.422,35
16.4536,35
16.4893,35
16.5362,35
16.5585,35
16.5938,35
16.6273,35
16.6704,35
16.6962,35
16.7373,35
16.7694,35
16.8066,35
16.8377,35
16.8724,35
16.9075,35
16.9523,35
16.9864,35
17.0267,35
17.0452,35
17.0857,35
17.118,35
17.1579,35
17.1891,35
17.2192,35
17.266,35
17.3128,35
17.3419,35
17.3688,35
17.3972,35
17.4407,35
17.4632,35
17.4985,35
17.5319,35
17.5741,35
17.6038,35
17.6377,35
17.6734,35
17.7133,35
17.746,35
17.7849,35
17.8269,35
17.8599,35
17.8864,35
17.9199,35
17.9503,35
17.9873,35
18.0164,35
18.0586,35
18.0897,35
18.1244,35
18.1553,35
18.207,35
18.2368,35
18.2724,35
18.3015,35
18.3423,35
18.3665,36
18.4061,36
18.4372,36
18.4728,36
18.5076,36
18.5681,36
18.5869,36
18.6278,36
18.6572,36
18.6838,36
18.717,36
18.7539,36
18.7924,36
18.8277,36
18.8635,36
18.8942,36
18.9257,36
18.9603,36
18.9924,37
19.0333,37
19.0663,37
19.0996,37
19.135,37
19.1718,37
19.2063,37
19.2289,37
19.2597,37
19.2851,37
19.3152,37
19.3598,37
19.3896,37
19.4214,37
19.451,37
19.494,37
19.5234,37
19.5716,37
19.591,37
19.6318,37
19.6616,37
19.6983,37
19.7313,37
19.7672,37
19.8017,37
19.848,37
19.8741,37
19.9077,37
19.9396,37
19.9849,37
20.0138,37
20.0485,37
20.0773,37
20.1173,38
20.1542,38
20.1925,39
20.2255,39
20.2685,39
20.3128,39
20.3457,39
20.3662,39
20.403,40
20.4323,40
20.4741,40
20.5085,40
20.5443,40
20.5687,40
20.6164,40
20.6423,40
20.6789,41
20.708,41
20.7427,41
20.7816,41
20.8189,42
20.8509,42
20.883,42
20.9161,42
20.9591,42
21.0008,42
21.0377,43
21.0638,43
21.0998,43
21.1339,43
21.1716,43
21.1988,43
21.2376,43
21.2745,43
21.3126,43
21.3454,44
21.3798,46
21.4124,46
21.4586,46
21.4838,46
21.5226,46
21.5519,46
21.5943,46
21.6257,46
21.6637,46
21.6909,46
21.7276,46
21.7627,46
21.8009,46
21.8315,47
21.8734,47
21.902,47
21.9407,47
21.9757,48
22.0208,48
22.0474,48
22.0829,48
22.1123,48
22.15,48
22.1866,49
22.2221,49
22.2475,49
22.2875,49
22.3186,49
22.3655,49
22.4019,49
22.443,50
22.4636,50
22.5034,50
22.5274,51
22.56,51
22.5948,50
22.6353,50
22.6667,51
22.7192,50
22.7463,50
22.7938,50
22.812,50
22.8489,50
22.8727,50
22.9135,50
22.9459,50
22.9824,50
23.0201,50
23.0599,50
23.1116,51
23.1449,50
23.1599,50
23.2097,50
23.2282,50
23.2584,50
23.288,50
23.3204,50
23.3558,50
23.3955,50
23.4287,51
23.4625,50
23.5039,50
23.5404,50
23.5769,50
23.6119,50
23.6473,50
23.6811,50
23.7028,50
23.7542,50
23.782,50
23.8171,50
23.8444,50
23.8809,50
23.9142,50
23.9553,51
23.9844,50
24.0172,50
24.0538,50
24.0901,50
24.1221,50
24.1582,51
24.1933,50
24.2282,50
24.2555,50
24.2993,50
24.3271,50
24.3639,50
24.398,50
24.442,50
24.4791,50
24.5135,50
24.541,50
24.5724,50
24.6089,50
24.648,50
24.6762,50
24.7166,50
24.7421,50
24.7918,50
24.817,50
24.8554,50
24.8837,50
24.9242,50
24.9556,50
24.9924,50
25.0256,50
25.0594,50
25.0961,50
25.1336,50
25.1636,50
25.2013,51
25.2319,50
25.2746,50
25.3047,50
25.3382,50
25.3691,50
25.4137,50
25.4508,50
25.4924,50
25.5163,50
25.5504,50
25.5818,50
25.6263,50
25.656,50
25.6857,50
25.716,50
25.7603,50
25.7895,50
25.8269,50
25.8561,50
25.9015,50
25.9371,51
25.9808,50
26.0077,50
26.0401,50
26.0714,50
26.104,50
26.1428,50
26.1819,50
26.208,50
26.2582,50
26.2879,50
26.3289,50
26.3534,50
26.3839,50
26.4187,50
26.456,50
26.4838,50
26.5233,50
26.5593,50
26.5966,50
26.6258,50
26.663,50
26.695,50
26.7313,50
26.7654,50
26.8034,50
26.8345,50
26.8695,50
26.9041,50
26.9505,50
26.9873,50
27.0153,50
27.0473,50
27.0854,50
27.1141,50
27.149,50
27.1838,50
27.2192,50
27.2535,50
27.2894,50
27.3291,50
27.3842,50
27.4121,50
27.4332,50
27.4612,50
27.4995,50
27.5339,50
27.5685,50
27.6012,50
27.6426,50
27.6674,50
27.7109,50
27.7443,50
27.774,50
27.8068,50
27.8476,50
27.8779,51
27.9251,50
27.9552,50
27.9995,50
28.0234,50
28.0558,50
28.0955,50
28.1339,50
28.1649,50
28.199,50
28.236,51
28.273,50
28.3018,50
28.3465,50
28.3711,50
28.4071,50
28.4474,51
28.4969,50
28.5199,51
28.5583,50
28.5763,50
28.6153,50
28.648,50
28.6822,50
28.7156,50
28.7468,50
28.7933,50
28.8267,50
28.8591,50
28.8922,50
28.9187,50
28.9574,50
28.9848,50
29.0359,50
29.0632,50
29.0987,50
29.1271,50
29.1615,50
29.1917,50
29.232,50
29.2732,50
29.3176,50
29.3391,50
29.3727,50
29.4041,50
29.4438,51
29.4702,50
29.5137,50
29.5385,50
29.5818,50
29.6157,50
29.6649,50
29.7055,50
29.7388,50
29.7542,50
29.7881,50
29.8345,50
29.8573,50
29.8863,51
29.9424,50
29.9557,50
29.9888,50
30.027,50
30.061,50
30.0953,50
30.1289,50
30.1643,50
30.21,50
30.2314,50
30.2716,50
30.3043,50
30.3456,50
30.3714,50
30.4108,50
30.445,50
30.4834,50
30.5254,50
30.551,50
30.5822,50
30.6252,50
30.6471,50
30.682,50
30.7324,50
30.7789,50
30.801,50
30.8345,50
30.8637,50
30.9123,50
30.9537,50
30.9871,50
31.0126,50
31.039,50
31.0711,50
31.1126,50
31.1445,50
31.1751,50
31.2108,50
31.2718,50
31.2881,50
31.3373,50
31.3527,50
31.3868,50
31.4274,50
31.4813,50
31.4986,50
31.5201,50
31.5548,50
31.6006,50
31.6213,50
31.6703,50
31.7042,50
31.7337,50
31.7807,50
31.8043,50
31.8326,50
31.8722,50
31.9096,50
31.9516,50
31.9743,50
32.0169,50
32.0528,50
32.0886,50
32.1275,50
32.1594,50
32.1862,50
32.2308,50
32.2645,50
32.3154,50
32.3499,50
32.3702,50
32.3886,50
32.4187,50
32.4548,50
32.4965,50
32.531,50
32.565,50
32.5946,50
32.6283,50
32.6587,50
32.7049,50
32.7333,50
32.7738,50
32.7992,50
32.8369,50
32.8715,50
32.9278,50
32.946,50
32.9787,50
33.0086,50
33.0524,50
33.0903,50
33.1126,50
33.152,50
33.1925,50
33.2182,50
33.2526,50
33.2854,50
33.3439,50
33.3702,50
33.3913,50
33.4268,50
33.4679,50
33.4972,50
33.5377,50
33.5685,50
33.6101,50
33.6331,50
33.6799,50
33.706,50
33.7429,50
33.7768,50
33.8212,50
33.8461,50
33.8845,50
33.9202,50
33.968,50
33.9886,50
34.0271,50
34.0556,50
34.0966,50
34.1318,50
34.1682,50
34.1982,50
34.2421,50
34.2634,50
34.3051,50
34.3387,50
34.3838,50
34.4061,50
34.4442,50
34.4793,50
34.5208,50
34.5485,50
34.5864,50
34.6206,50
34.6586,50
34.6893,50
34.7267,50
34.7511,50
34.7935,50
34.8286,50
34.8728,50
34.8963,50
34.9343,50
34.9643,50
35.0093,50
35.0338,50
35.0681,50
35.099,50
35.1509,50
35.1758,50
35.2144,50
35.2521,50
35.2987,50
35.3265,50
35.3478,50
35.3869,50
35.4444,50
35.4626,50
35.5009,50
35.5401,50
35.5675,50
35.5968,50
35.6287,50
35.6592,50
35.6992,50
35.7369,50
35.7719,50
35.8008,50
35.8396,50
35.8746,50
35.9083,50
35.9334,50
35.9759,50
36.0065,50
36.0513,50
36.0797,50
36.113,50
36.1447,50
36.1867,50
36.2134,50
36.252,50
36.2823,50
36.3224,50
36.3504,50
36.3855,50
36.427,50
36.4735,50
36.4944,50
36.5271,50
36.5762,50
36.6108,50
36.6441,50
36.6599,50
36.6883,50
36.723,50
36.7598,50
36.8019,50
36.8251,50
36.8608,50
36.8912,50
36.9385,50
36.9715,50
37.0067,50
37.0423,50
37.0798,50
37.1005,50
37.156,50
37.1748,50
37.2055,50
37.2447,50
37.2775,50
37.3105,50
37.3588,50
37.3782,50
37.4169,50
37.4514,50
37.4848,50
37.5089,50
37.5422,50
37.5783,50
37.6176,50
37.6436,50
37.6813,50
37.7229,50
37.7606,51
37.7853,50
37.8209,50
37.8496,50
37.925,50
37.9414,51
37.9596,50
37.9933,50
38.0233,50
38.0617,50
38.0953,50
38.1294,50
38.171,50
38.1988,50
38.2312,51
38.2751,50
38.3217,50
38.3553,50
38.4173,52
38.4401,50
38.4704,50
38.4969,50
38.5437,50
38.5576,50
38.5898,50
38.6279,50
38.6687,50
38.7063,50
38.7516,50
38.7692,50
38.8114,50
38.8414,50
38.8889,50
38.9235,50
38.9697,50
38.9943,50
39.0401,50
39.073,50
39.1053,50
39.1415,50
39.1783,50
39.2104,50
39.2532,50
39.2787,50
39.3175,50
39.3508,50
39.3905,50
39.4154,50
39.4557,50
39.4884,50
39.5259,50
39.5604,50
39.5893,50
39.6178,50
39.6541,50
39.6905,50
39.7303,50
39.7563,50
39.7899,50
39.8224,50
39.8671,50
39.8979,50
39.9361,50
39.9605,50
40.0086,50
40.0381,50
40.1203,50
40.1375,50
40.1675,50
40.1991,50
40.2276,50
40.2589,50
40.3007,50
40.337,50
40.3738,50
40.4008,50
40.4402,50
40.4747,50
40.5198,50
40.55,50
40.585,50
40.6127,50
40.6552,50
40.6773,50
40.7164,50
40.7497,50
40.7823,50
40.8214,50
40.8523,50
40.8851,50
40.9185,50
40.9512,50
40.992,50
41.0271,50
41.0696,50
41.092,50
41.1569,50
41.204,50
41.2324,50
41.2611,50
41.2977,50
41.3316,50
41.364,50
41.3953,50
41.4291,50
41.4717,50
41.5116,50
41.5461,50
41.5878,50
41.6056,50
41.636,50
41.6764,50
41.7091,50
41.7437,50
41.7838,50
41.8074,50
41.8509,50
41.8828,50
41.9254,50
41.9465,50
41.9812,50
42.0159,50
42.0549,50
42.0888,50
42.1314,50
42.1607,50
42.1978,50
42.2298,50
42.2722,50
42.301,50
42.3378,50
42.3649,50
42.4073,50
42.4336,50
42.5004,50
42.5176,50
42.5496,50
42.5852,50
42.6131,50
42.6368,50
42.6714,50
42.7089,50
42.748,50
42.7761,50
42.8148,50
42.8509,50
42.8893,50
42.9234,50
42.9514,50
42.9884,50
43.0272,50
43.0574,50
43.0972,50
43.1212,50
43.1628,50
43.1939,50
43.235,50
43.2635,50
43.3035,50
43.3441,50
43.3894,50
43.4081,50
43.4393,50
43.4706,50
43.5373,50
43.5554,50
43.5906,50
43.624,50
43.6484,50
43.6801,50
43.7165,50
43.7445,50
43.7892,50
43.8161,50
43.8526,50
43.8881,50
43.9275,50
43.9526,50
43.9931,50
44.0256,50
44.0803,50
44.1089,50
44.1457,50
44.1677,50
44.202,50
44.2326,50
44.2758,50
44.297,50
44.3374,50
44.371,50
44.4097,50
44.4352,50
44.4758,50
44.508,50
44.5675,50
44.587,50
44.6277,50
44.6487,51
44.6847,50
44.7207,50
44.745,50
44.7816,50
44.8232,50
44.8491,50
44.886,50
44.9187,50
44.9588,50
44.994,50
45.0269,50
45.055,50
45.0905,50
45.1241,50
45.1704,50
45.203,50
45.2405,50
45.2638,50
45.3055,50
45.3359,50
45.3806,50
45.4114,50
45.444,51
45.4697,50
45.5099,50
45.5406,50
45.594,50
45.6194,50
45.6488,50
45.6806,50
45.7245,50
45.7507,50
45.783,50
45.8188,50
45.8588,50
45.8849,51
45.9224,50
45.9622,50
46.015,50
46.0313,50
46.0685,50
46.0936,50
46.1385,50
46.1662,50
46.2014,51
46.236,50
46.2723,50
46.3089,50
46.3574,51
46.4085,50
46.4423,50
46.4747,50
46.519,52
46.5482,50
46.604,50
46.6341,50
46.6706,50
46.692,50
46.7233,50
46.7589,50
46.8036,50
46.8303,50
46.8656,50
46.8976,50
46.9681,50
46.9847,50
47.0066,50
47.0391,50
47.0758,50
47.1083,50
47.1402,50
47.1745,50
47.2158,50
47.2685,50
47.2943,50
47.3222,50
47.3581,50
47.3856,50
47.4205,50
47.4511,50
47.4897,50
47.522,50
47.5549,50
47.5874,50
47.6232,50
47.6658,50
47.708,50
47.7434,50
47.774,50
47.7966,50
47.8416,50
47.8711,50
47.9116,50
47.9394,50
47.9813,50
48.0117,50
48.0479,50
48.0873,50
48.1204,50
48.1514,50
48.1834,50
48.2187,50
48.2626,50
48.2843,50
48.3265,50
48.3578,50
48.3945,50
48.4252,50
48.4655,50
48.4918,50
48.5345,50
48.5655,50
48.6052,50
48.6356,50
48.6727,50
48.7067,50
48.7515,50
48.7735,50
48.8077,50
48.8431,50
48.8866,50
48.9089,50
48.9418,50
48.983,50
49.0245,50
49.0555,50
49.0841,50
49.1301,50
49.1624,50
49.1954,50
49.2315,50
49.2581,50
49.3075,50
49.3373,50
49.3783,50
49.3991,50
49.4364,50
49.4681,50
49.521,50
49.5449,50
49.573,50
49.6126,50
49.6493,50
49.6842,50
49.7215,50
49.7482,50
49.7935,50
49.8211,50
49.8544,50
49.885,50
49.9323,50
49.961,50
50.0218,50
50.037,50
50.0651,50
50.0979,50
50.1353,50
50.1666,50
50.2065,50
50.2376,50
50.2746,50
50.3034,50
50.3451,50
50.3843,50
50.4227,50
50.4459,50
50.4795,50
50.5133,50
50.5532,50
50.5814,50
50.6228,50
50.6558,50
50.6943,50
50.7261,50
50.7658,50
50.7954,50
50.8435,50
50.8687,50
50.905,50
50.9324,50
50.9677,50
50.9965,50
51.0296,50
51.0689,50
51.1066,50
51.1334,50
51.168,50
51.2093,50
51.2451,50
51.2766,50
51.318,50
51.3475,50
51.394,50
51.4205,50
51.4518,50
51.481,50
51.5155,50
51.5511,50
51.5983,50
51.6167,50
51.6545,50
51.6897,50
51.7275,50
51.7595,51
51.8015,50
51.8235,50
51.8715,50
51.904,50
51.9428,50
51.967,50
52.0053,50
52.0305,50
52.0715,50
52.1017,50
52.1407,50
52.1686,50
52.2113,50
52.2425,50
52.2879,50
52.3103,50
52.3497,50
52.3809,50
52.4182,50
52.4495,50
52.4926,50
52.5224,50
52.5551,50
52.5874,50
52.6257,50
52.6575,50
52.7048,50
52.7365,50
52.7772,50
52.8055,50
52.8267,50
52.8664,50
52.9074,50
52.9348,50
52.9706,50
53.0051,50
53.0549,50
53.0846,50
53.1153,50
53.1492,50
53.1843,50
53.2114,51
53.2492,50
53.2901,50
53.3469,50
53.3717,50
53.3918,50
53.4263,50
53.4586,50
53.4931,50
53.5335,50
53.5623,50
53.6006,50
53.6474,50
53.6692,50
53.7062,50
53.7486,50
53.7708,50
53.8092,50
53.8441,50
53.8749,50
53.9259,50
53.9444,50
53.9762,50
54.0179,50
54.0435,50
54.0855,50
54.1169,50
54.1482,50
54.1848,50
54.2258,50
54.257,50
54.3103,50
54.3378,50
54.3777,50
54.4058,50
54.44,50
54.4728,50
54.5149,50
54.5405,50
54.5763,50
54.6071,50
54.6445,50
54.6807,51
54.7237,50
54.7479,50
54.7974,50
54.8185,50
54.8576,50
54.8915,50
54.9264,50
54.9711,50
54.9992,50
55.0309,50
55.0646,50
55.0942,50
55.1347,50
55.1693,50
55.2055,50
55.2381,50
55.2823,50
55.3036,50
55.3335,50
55.3741,50
55.4409,50
55.4574,50
55.4851,50
55.5426,50
55.5708,50
55.6076,50
55.6495,50
55.6833,50
55.7213,50
55.7469,50
55.7939,50
55.8246,50
55.8481,50
55.8794,50
55.9329,50
55.9591,50
55.9943,50
56.0224,50
56.0644,50
56.0914,50
56.1307,50
56.1618,50
56.2011,50
56.225,50
56.2624,50
56.2952,50
56.3434,50
56.3645,50
56.4103,50
56.4454,50
56.489,50
56.511,50
56.5459,50
56.5835,50
56.6259,50
56.6552,50
56.6877,50
56.7124,50
56.7511,50
56.7842,50
56.831,50
56.8572,50
56.8986,50
56.9299,50
56.9767,50
57.0108,50
57.0545,50
57.0827,50
57.1122,50
57.1386,50
57.1804,50
57.211,50
57.2476,50
57.2762,50
57.3106,50
57.3581,50
57.4025,50
57.4211,50
57.4509,50
57.487,50
57.526,51
57.5514,50
57.5903,50
57.6244,50
57.6622,50
57.6919,50
57.7415,50
57.7754,50
57.812,50
57.837,50
57.8701,50
57.9016,50
57.9428,50
57.9688,50
58.0118,50
58.0375,50
58.0804,50
58.124,50
58.1636,50
58.1941,50
58.2192,50
58.2418,50
58.293,50
58.3145,50
58.356,50
58.3901,50
58.4354,50
58.4651,50
58.5011,50
58.5264,50
58.5675,50
58.5986,50
58.638,50
58.6647,50
58.706,50
58.7329,50
58.7832,50
58.8164,50
58.8494,50
58.8743,50
58.9181,50
58.9478,50
58.9829,50
59.0142,50
59.0574,50
59.0927,50
59.1478,50
59.179,50
59.2032,50
59.2254,50
59.2614,50
59.2941,50
59.3321,50
59.3613,50
59.3995,50
59.4333,50
59.4735,50
59.4976,50
59.5354,50
59.5719,50
59.6163,50
59.6396,50
59.6779,50
59.7095,50
59.7482,50
59.7784,50
59.8266,50
59.8511,50
59.8854,50
59.9234,50
59.9564,50
59.9808,50
60.0236,50
60.0574,50
60.1006,50
60.1236,50
60.1701,50
60.2032,50
60.2456,50
60.2695,50
60.298,50
60.3316,50
60.3825,50
60.405,50
60.4466,50
60.483,50
60.5098,50
60.5418,50
60.5751,50
60.6142,50
60.652,50
60.6767,50
60.7161,50
60.7462,50
60.7848,50
60.8162,50
60.8561,50
60.888,50
60.9261,50
60.9519,50
60.9888,50
61.0235,50
61.0618,50
61.0921,50
61.1348,50
61.162,50
61.2029,50
61.2374,50
61.2768,50
61.312,50
61.3414,50
61.3752,50
61.4055,50
61.4303,50
61.4653,50
61.5029,50
61.5452,50
61.5711,50
61.6058,50
61.6433,51
61.6954,50
61.7147,51
61.7472,50
61.7796,50
61.8112,50
61.8453,51
61.892,50
61.9274,50
61.9706,52
62.0032,50
62.0339,50
62.0579,50
62.0999,50
62.1252,50
62.1698,50
62.2014,50
62.2363,50
62.2674,50
62.3115,50
62.338,51
62.3727,50
62.4048,50
62.4505,51
62.4825,50
62.5465,50
62.5624,50
62.582,50
62.612,50
62.6481,50
62.6867,50
62.7211,50
62.756,50
62.7935,50
62.8287,50
62.8771,50
62.8949,50
62.9294,50
62.961,50
62.9989,50
63.0364,51
63.0716,50
63.1099,50
63.1569,50
63.1777,50
63.2159,50
63.253,50
63.2809,50
63.3113,50
63.3516,50
63.38,50
63.4169,50
63.4539,50
63.4972,50
63.5254,50
63.5729,50
63.5894,50
63.6355,50
63.661,50
63.7248,50
63.7407,50
63.7735,50
63.7986,50
63.8348,50
63.8674,50
63.9103,50
63.9393,50
63.9989,50
64.0193,50
64.0446,51
64.0767,50
64.1166,50
64.144,50
64.1791,50
64.2147,50
64.2607,50
64.2826,50
64.3182,50
64.3504,50
64.3888,50
64.4178,50
64.4601,50
64.4874,50
64.5278,50
64.5671,50
64.5942,50
64.6246,50
64.6864,50
64.7158,50
64.7379,50
64.7614,50
64.8019,50
64.8352,50
64.8624,50
64.9042,50
64.9431,50
64.9635,50
65.0049,50
65.0326,50
65.0771,50
65.1091,50
65.1505,50
65.1854,50
65.2151,50
65.2396,50
65.2889,50
65.308,50
65.3478,50
65.3779,50
65.4124,50
65.448,50
65.4864,50
65.519,50
65.5542,50
65.5829,50
65.6215,50
65.6557,50
65.7091,50
65.7325,50
65.756,50
65.7981,50
65.8351,50
65.865,50
65.8995,50
65.9365,50
65.9702,50
66.0022,50
66.0369,50
66.0729,50
66.1087,50
66.1387,50
66.181,50
66.2089,50
66.2545,50
66.2821,50
66.311,50
66.3544,50
66.3943,50
66.4275,50
66.4578,50
66.4823,50
66.5188,50
66.5533,50
66.598,50
66.6234,50
66.6623,50
66.6909,50
66.7307,50
66.7569,50
66.7906,50
66.8335,50
66.8655,50
66.8932,50
66.9375,50
66.9725,50
67.0268,50
67.0404,50
67.0736,50
67.101,50
67.1422,50
67.1728,50
67.2087,50
67.2352,50
67.2759,50
67.3119,50
67.3475,50
67.3772,50
67.4123,50
67.4472,50
67.4877,50
67.5156,50
67.5617,50
67.5947,50
67.6252,50
67.6566,50
67.6913,50
67.7215,50
67.7651,50
67.7961,50
67.8314,50
67.8632,50
67.9032,50
67.9323,50
67.9796,50
68.009,50
68.0447,50
68.0744,50
68.1097,50
68.1432,50
68.1791,50
68.2074,50
68.2499,50
68.28,50
68.3166,50
68.3468,50
68.386,50
68.4209,50
68.4673,50
68.4862,50
68.5302,50
68.5533,50
68.5965,50
68.6294,50
68.6636,50
68.6965,50
68.7294,50
68.7614,50
68.8018,50
68.8317,50
68.866,50
68.902,50
68.9393,50
68.9703,50
69.0194,50
69.0512,50
69.0898,51
69.1186,50
69.149,50
69.1772,50
69.2655,50
69.2939,50
69.3323,50
69.3615,50
69.4018,50
69.4288,50
69.4705,50
69.5012,50
69.567,50
69.5838,50
69.6139,50
69.6472,50
69.6768,50
69.7072,50
69.7467,50
69.7813,50
69.8265,50
69.8517,50
69.8847,50
69.9173,50
69.9536,50
69.9874,50
70.0295,50
70.0622,50
70.0928,50
70.1279,50
70.1607,50
70.1948,50
70.2345,50
70.2649,50
70.3064,50
70.3293,50
70.3647,50
70.3963,50
70.4369,50
70.4724,50
70.5138,50
70.5404,50
70.5857,50
70.6125,50
70.6501,50
70.7326,50
70.7746,50
70.8018,50
70.8552,50
70.8739,50
70.9069,50
70.9388,50
70.9861,50
71.0213,50
71.0575,50
71.088,50
71.1133,51
71.1515,51
71.1865,50
71.2199,50
71.2575,50
71.289,50
71.3298,50
71.3562,50
71.3937,50
71.4247,50
71.4651,50
71.4999,50
71.5412,50
71.5765,50
71.6112,51
71.636,50
71.6813,50
71.7043,50
71.7533,50
71.7748,50
71.8128,50
71.8489,50
71.8887,51
71.913,50
71.9442,50
71.9833,50
72.029,50
72.0506,50
72.0826,50
72.1164,50
72.1622,50
72.1853,50
72.2188,50
72.2547,50
72.2989,50
72.3371,50
72.3735,50
72.3988,50
72.4276,51
72.4597,50
72.5057,50
72.5357,50
72.5704,50
72.6002,50
72.6413,50
72.6736,50
72.72,50
72.741,50
72.8082,50
72.8223,50
72.8511,50
72.8853,50
72.9142,50
72.954,50
72.9967,50
73.0231,50
73.0532,50
73.0862,50
73.1234,50
73.1579,50
73.1979,50
73.2298,50
73.2704,50
73.2941,50
73.3392,50
73.3719,50
73.4072,50
73.434,50
73.4792,50
73.5081,50
73.5454,50
73.5737,50
73.6157,50
73.6437,50
73.6782,50
73.7133,50
73.763,50
73.792,50
73.8336,50
73.8558,50
73.8864,51
73.9186,50
73.9578,50
73.9938,50
74.0259,50
74.0583,51
74.0995,50
74.1353,51
74.1664,50
74.1985,50
74.2375,50
74.2627,51
74.3041,50
74.3372,50
74.3812,50
74.4049,50
74.445,50
74.4783,52
74.5166,50
74.5513,50
74.5914,50
74.6156,50
74.6511,50
74.6813,50
74.7235,50
74.7545,50
74.7906,50
74.8224,50
74.8583,50
74.8897,50
74.9297,50
74.968,50
75.0035,50
75.0243,50
75.0588,50
75.0912,50
75.1361,50
75.1638,50
75.1975,50
75.2404,50
75.2929,50
75.3181,50
75.342,50
75.3701,50
75.408,50
75.4472,50
75.4805,50
75.5136,50
75.5495,51
75.5865,50
75.6416,50
75.6559,50
75.6854,50
75.716,50
75.7563,50
75.788,50
75.8244,50
75.8612,50
75.9065,50
75.9252,50
75.9606,50
75.9941,50
76.04,50
76.0603,50
76.1008,50
76.1415,50
76.1805,50
76.2252,50
76.2403,50
76.278,50
76.3129,50
76.3415,50
76.3768,50
76.411,50
76.4521,50
76.4817,50
76.5278,50
76.5594,50
76.5965,51
76.6219,50
76.6655,50
76.6875,50
76.7243,50
76.7545,50
76.7976,50
76.8333,50
76.8719,50
76.9022,51
76.953,51
76.972,50
77.0012,50
77.0389,50
77.0765,51
77.171,51
77.2007,50
77.2328,51
77.271,50
77.3091,51
77.3482,51
77.3807,50
77.4173,51
77.4406,50
77.4831,50
77.5147,50
77.547,50
77.5832,50
77.6297,50
77.6545,50
77.6965,51
77.7276,50
77.767,50
77.7908,50
77.8341,50
77.8641,51
77.9051,51
77.9324,50
78.0051,50
78.0421,50
78.078,50
78.1058,50
78.1422,50
78.1798,50
78.2202,50
78.2494,50
78.2848,51
78.3198,50
78.3594,50
78.3878,50
78.4237,51
78.4585,50
78.4949,50
78.5273,50
78.5685,50
78.592,50
78.6248,50
78.6636,50
78.7064,50
78.7348,50
78.7694,50
78.8058,50
78.8398,50
78.8744,50
78.9166,50
78.9274,51
78.963,50
79.005,50
79.0326,50
79.0619,51
79.1117,50
79.1369,50
79.1718,50
79.2017,50
79.2455,50
79.2755,50
79.3161,50
79.3433,51
79.3818,51
79.4139,50
79.4574,50
79.4922,50
79.5405,50
79.5557,50
79.5936,50
79.6217,50
79.6605,50
79.6982,50
79.7417,50
79.7634,50
79.8042,50
79.8318,50
79.8775,50
79.901,50
79.9441,50
79.9778,50
80.018,50
80.0512,50
80.0846,50
80.1108,50
80.1507,51
80.1747,50
80.2182,50
80.2456,50
80.2906,50
80.3181,51
80.3511,50
80.385,51
80.4388,50
80.4655,50
80.5055,50
80.5359,50
80.5739,50
80.6023,50
80.6475,50
80.6652,50
80.7033,50
80.7331,50
80.7856,50
80.8115,50
80.8487,50
80.879,51
80.9332,50
80.9643,50
81.0006,50
81.0285,50
81.0547,50
81.1026,51
81.1419,50
81.1646,50
81.2013,50
81.2395,50
81.2745,50
81.3032,50
81.3443,50
81.3701,50
81.4239,50
81.4475,50
81.4862,50
81.5093,50
81.5514,50
81.5823,50
81.6273,50
81.6483,50
81.6896,50
81.7196,50
81.7569,50
81.7916,50
81.8297,50
81.8574,50
81.8988,50
81.93,50
81.9717,50
81.9955,50
82.0355,50
82.0676,50
82.1037,50
82.1434,51
82.1771,50
82.2098,50
82.2475,50
82.2815,50
82.3175,50
82.3496,50
82.3979,50
82.4227,50
82.4624,50
82.4905,50
82.5276,50
82.5586,50
82.6013,50
82.636,51
82.6772,50
82.6966,50
82.7377,50
82.771,50
82.8075,50
82.8411,50
82.8756,50
82.9048,50
82.9503,50
82.9788,50
83.0174,50
83.0456,50
83.0797,50
83.1078,50
83.1535,50
83.1851,50
83.2257,50
83.248,50
83.2904,50
83.317,50
83.3585,50
83.3888,50
83.4223,50
83.4567,50
83.5006,51
83.526,50
83.564,50
83.5952,50
83.6323,50
83.6684,50
83.7189,50
83.7345,50
83.7737,50
83.8072,50
83.8445,50
83.8756,50
83.9171,50
83.9449,50
83.9856,50
84.0172,50
84.0705,50
84.1013,50
84.141,50
84.1642,50
84.1946,50
84.2261,50
84.2603,50
84.2938,50
84.3335,50
84.3652,50
84.397,50
84.4415,50
84.4834,50
84.5185,50
84.5482,50
84.5756,50
84.6161,50
84.6391,50
84.6847,50
84.7204,50
84.759,50
84.7924,50
84.8241,50
84.8608,50
84.8913,50
84.9157,50
84.9634,50
84.9837,50
85.0262,50
85.0654,50
85.1077,50
85.13,50
85.1677,50
85.1961,50
85.2564,50
85.2823,50
85.3122,50
85.343,50
85.3838,50
85.4097,50
85.4409,50
85.476,50
85.5146,50
85.5431,50
85.5832,50
85.6089,50
85.6504,50
85.6834,51
85.7169,50
85.7515,50
85.7918,50
85.8221,51
85.8602,50
85.8874,50
85.9249,51
85.9609,50
86.0087,50
86.0286,50
86.0634,51
86.0955,50
86.1397,50
86.168,50
86.2017,51
86.2339,50
86.2824,50
86.2987,50
86.3525,50
86.3867,50
86.433,50
86.4541,50
86.4824,50
86.5132,50
86.5494,50
86.578,50
86.6209,50
86.6554,50
86.6893,50
86.7263,50
86.7659,50
86.8021,50
86.8322,50
86.8588,50
86.8961,50
86.9268,50
86.9667,50
87.0005,50
87.0362,50
87.0664,50
87.1114,50
87.1447,50
87.1836,50
87.2134,50
87.2466,50
87.2811,50
87.34,50
87.3695,50
87.3899,50
87.4177,50
87.4635,50
87.4993,50
87.5284,50
87.5672,50
87.606,50
87.634,50
87.6693,50
87.6987,50
87.7392,51
87.773,50
87.8148,50
87.8518,50
87.8838,51
87.9102,50
87.9477,50
87.9879,50
88.0255,50
88.0576,50
88.1083,50
88.1312,50
88.1679,50
88.2088,50
88.2387,50
88.2687,50
88.3125,50
88.3397,50
88.3802,50
88.4195,50
88.4407,51
88.4821,51
88.5163,50
88.5463,50
88.5885,50
88.6252,50
88.6527,50
88.6905,50
88.7221,50
88.754,50
88.7979,50
88.8243,50
88.851,50
88.8921,50
88.9422,50
88.9703,50
89.0067,50
89.0354,50
89.0621,50
89.098,50
89.14,50
89.1633,50
89.2062,51
89.2363,50
89.2778,50
89.3041,50
89.3381,50
89.3733,50
89.4243,51
89.4511,50
89.4876,50
89.5217,52
89.5497,50
89.5821,50
89.6156,51
89.6521,50
89.6924,50
89.7181,50
89.7581,50
89.7872,50
89.8261,50
89.8562,50
89.8923,50
89.9279,50
89.9703,50
89.9928,50
90.031,50
90.0665,50
90.1013,50
90.1327,50
90.1821,50
90.206,50
90.2406,50
90.2747,50
90.3208,51
90.3509,50
90.411,50
90.4427,50
90.4652,50
90.484,50
90.5277,50
90.5566,50
90.5919,50
90.6323,50
90.6744,50
90.705,50
90.7408,50
90.7668,50
90.8204,50
90.8341,50
90.8707,50
90.9055,50
90.9382,50
90.9737,50
91.0132,50
91.048,50
91.0877,50
91.1137,50
91.1436,50
91.1814,50
91.2183,50
91.2558,50
91.2818,50
91.3153,50
91.3565,50
91.3901,50
91.4439,50
91.4696,50
91.5633,51
91.5877,50
91.6197,50
91.6538,50
91.6964,50
91.7301,50
91.7616,50
91.7928,50
91.8487,50
91.8632,50
91.922,50
91.9478,50
91.9677,50
91.9981,50
92.0314,50
92.0651,50
92.108,50
92.1389,50
92.1729,50
92.204,50
92.2482,50
92.3393,50
92.3839,50
92.4117,50
92.4438,50
92.4769,50
92.5135,50
92.5526,50
92.5939,50
92.6238,50
92.6648,50
92.6907,50
92.7333,50
92.7542,50
92.8006,50
92.8351,50
92.8684,50
92.8956,50
92.9263,50
92.9704,50
93.0016,50
93.0382,50
93.0948,50
93.1251,50
93.1617,50
93.1882,50
93.2336,50
93.2629,50
93.3155,50
93.3461,50
93.3662,50
93.3943,50
93.4303,50
93.4641,50
93.4983,50
93.5343,50
93.5762,50
93.5995,50
93.645,50
93.6762,50
93.7228,50
93.7435,50
93.7742,50
93.8046,50
93.8536,50
93.8869,50
93.9161,50
93.9486,50
93.9825,50
94.0198,50
94.0581,50
94.0873,50
94.125,50
94.1567,50
94.195,50
94.2282,50
94.2754,50
94.2983,50
94.3487,50
94.3851,50
94.4181,50
94.4442,50
94.48,50
94.5135,50
94.5453,50
94.5798,50
94.607,50
94.6456,50
94.6732,50
94.705,50
94.7428,50
94.7866,50
94.8221,50
94.8508,50
94.8868,50
94.9207,50
94.9531,50
94.9807,50
95.0228,50
95.0513,50
95.0941,50
95.1198,50
95.1685,50
95.2103,50
95.2365,50
95.2707,50
95.3163,50
95.3333,50
95.3669,50
95.3984,50
95.4365,50
95.4669,50
95.511,50
95.5378,50
95.5749,50
95.6122,50
95.652,50
95.69,50
95.726,50
95.7606,50
95.78,50
95.8063,50
95.8425,50
95.8728,50
95.9165,50
95.9448,50
95.9871,50
96.0199,50
96.0526,50
96.0821,50
96.1228,50
96.1509,50
96.1876,50
96.2227,50
96.2555,50
96.2877,50
96.3335,50
96.3583,50
96.3976,50
96.4333,50
96.4657,50
96.4988,50
96.5541,50
96.5696,50
96.6059,50
96.6341,50
96.6768,50
96.7065,51
96.7427,50
96.7869,50
96.8178,50
96.8457,50
96.8817,50
96.9142,50
96.9491,50
96.9819,51
97.0227,50
97.05,50
97.0951,50
97.1232,50
97.163,50
97.1943,50
97.2337,50
97.2606,50
97.2958,50
97.3296,50
97.3752,50
97.411,50
97.4416,50
97.4697,51
97.5059,50
97.5368,50
97.5813,50
97.6121,50
97.6462,50
97.6782,51
97.7229,50
97.7521,50
97.7873,50
97.8336,50
97.8649,50
97.8936,50
97.9258,50
97.9605,50
98.0044,50
98.0312,50
98.0753,50
98.1064,50
98.1594,50
98.183,50
98.2075,50
98.2436,50
98.2821,50
98.316,50
98.35,50
98.386,50
98.4749,50
98.5057,50
98.5427,50
98.5661,50
98.5978,50
98.6293,50
98.6708,50
98.7032,50
98.7407,50
98.7723,50
98.8171,50
98.8419,50
98.8831,50
98.921,50
98.9592,50
98.9896,50
99.0443,50
99.0668,50
99.1068,50
99.1375,50
99.1697,50
99.1995,50
99.2388,51
99.264,51
99.2971,50
99.337,50
99.3716,50
99.4003,50
99.436,50
99.4743,50
99.5079,50
99.541,50
99.5828,50
99.6074,50
99.6435,50
99.6802,50
99.7162,50
99.7495,50
99.788,50
99.8134,50
99.8575,50
99.8863,50
99.9227,50
99.961,50
99.9973,50
100.027,50
100.063,50
100.093,50
100.144,50
100.176,50
100.209,50
100.236,50
100.278,50
100.302,50
100.345,50
100.462,50
100.499,50
100.528,50
100.556,50
100.593,51
100.633,50
100.663,50
100.706,50
100.729,50
100.768,50
100.801,50
100.843,50
100.868,50
100.909,50
100.939,50
100.975,50
101.006,50
101.045,50
101.08,50
101.176,50
101.203,50
101.24,50
101.276,50
101.324,50
101.344,50
101.378,50
101.412,50
101.452,50
101.483,50
101.529,50
101.55,50
101.585,50
101.619,50
101.657,50
101.692,50
101.731,50
101.756,50
101.793,50
101.83,50
101.872,50
101.894,50
101.961,50
101.991,50
102.029,50
102.06,50
102.103,50
102.13,50
102.198,50
102.212,50
102.243,50
102.27,50
102.308,50
102.343,50
102.376,50
102.416,50
102.448,50
102.493,50
102.524,50
102.548,50
102.588,50
102.623,50
102.654,50
102.686,50
102.719,50
102.755,50
102.799,50
102.827,50
102.869,50
102.894,50
102.96,50
102.975,50
103.011,50
103.046,50
103.077,50
103.116,50
103.144,50
103.177,50
103.216,50
103.245,50
103.289,50
103.314,50
103.349,50
103.385,50
103.42,50
103.454,50
103.49,50
103.523,50
103.561,50
103.595,50
103.632,50
103.665,50
103.699,50
103.726,50
103.769,50
103.804,50
103.839,50
103.876,50
103.909,50
103.942,50
103.972,50
104.005,51
104.048,50
104.081,50
104.117,50
104.155,50
104.214,50
104.23,50
104.267,50
104.292,50
104.332,50
104.355,50
104.393,50
104.43,50
104.469,50
104.501,50
104.535,50
104.559,50
104.605,50
104.634,50
104.67,50
104.71,50
104.744,50
104.773,50
104.81,50
104.843,50
104.877,50
104.913,50
104.95,50
104.979,50
105.016,50
105.047,50
105.088,50
105.119,50
105.153,50
105.192,50
105.245,51
105.26,50
105.303,51
105.336,50
105.368,50
105.396,50
105.437,50
105.468,51
105.508,50
105.535,50
105.573,50
105.601,50
105.641,50
105.667,50
105.708,50
105.743,50
105.792,50
105.815,50
105.858,50
105.885,50
105.916,50
105.943,50
105.988,50
106.01,50
106.048,50
106.08,50
106.126,50
106.147,50
106.186,50
106.222,50
106.258,50
106.295,50
106.333,50
106.362,50
106.399,50
106.429,50
106.464,50
106.508,50
106.542,50
106.567,50
106.6,50
106.631,50
106.675,50
106.705,50
106.741,50
106.773,50
106.808,50
106.84,50
106.88,50
106.911,50
106.945,50
106.982,50
107.016,51
107.056,51
107.092,50
107.113,50
107.155,51
107.184,50
107.219,51
107.255,50
107.295,50
107.323,50
107.365,51
107.399,50
107.43,50
107.457,50
107.502,50
107.537,50
107.572,50
107.603,50
107.641,51
107.677,50
107.724,53
107.761,50
107.79,50
107.823,52
107.853,50
107.884,50
107.918,50
107.955,50
108.002,51
108.032,50
108.071,50
108.093,50
108.127,50
108.162,50
108.202,50
108.232,50
108.267,50
108.298,50
108.347,50
108.371,50
108.407,50
108.436,50
108.479,50
108.511,50
108.544,50
108.577,50
108.621,51
108.656,50
108.695,51
108.722,50
108.758,50
108.785,50
108.825,50
108.857,50
108.899,50
108.924,50
108.969,50
109.005,51
109.039,50
109.066,50
109.103,50
109.131,51
109.179,50
109.204,50
109.241,50
109.271,50
109.31,50
109.346,50
109.384,50
109.42,50
109.46,50
109.492,50
109.528,50
109.558,50
109.595,50
109.629,50
109.666,50
109.697,50
109.731,50
109.771,50
109.811,50
109.84,50
109.874,50
109.901,50
109.946,50
109.974,51
110.009,50
110.047,50
110.074,50
110.112,50
110.162,50
110.181,50
110.213,50
110.249,50
110.288,50
110.319,50
110.359,50
110.383,50
110.426,50
110.468,50
110.5,50
110.547,50
110.567,50
110.602,50
110.629,50
110.659,51
110.705,50
110.732,50
110.765,50
110.803,50
110.857,50
110.867,50
110.897,50
110.939,50
110.993,50
111.007,50
111.044,50
111.077,50
111.117,50
111.143,50
111.185,50
111.21,50
111.249,50
111.295,51
111.328,50
111.346,50
111.381,50
111.42,50
111.464,50
111.497,50
111.531,50
111.566,50
111.598,50
111.627,50
111.661,50
111.693,50
111.73,50
111.762,50
111.882,50
111.913,50
111.954,50
111.977,50
112.019,50
112.052,50
112.094,50
112.117,50
112.159,50
112.197,50
112.236,50
112.262,50
112.298,50
112.331,50
112.364,50
112.395,50
112.437,50
112.475,50
112.504,50
112.534,50
112.579,50
112.602,50
112.644,50
112.676,50
112.71,50
112.751,50
112.792,50
112.823,50
112.869,50
112.892,50
112.938,50
112.961,50
112.997,50
113.03,50
113.064,50
113.096,50
113.137,50
113.17,50
113.201,50
113.234,50
113.276,50
113.312,50
113.356,50
113.373,50
113.408,50
113.44,50
113.484,51
113.512,50
113.553,50
113.598,50
113.633,50
113.689,50
113.714,50
113.757,50
113.778,50
113.815,50
113.845,50
113.876,50
113.916,50
113.947,50
113.985,51
114.02,50
114.055,50
114.082,50
114.121,50
114.16,50
114.199,50
114.224,50
114.256,50
114.302,50
114.331,50
114.361,50
114.396,50
114.429,50
114.471,50
114.501,50
114.545,50
114.568,50
114.606,50
114.642,50
114.679,50
114.721,50
114.752,50
114.777,50
114.827,50
114.858,50
114.905,50
114.939,50
114.963,50
114.985,50
115.025,50
115.05,50
115.092,50
115.129,50
115.161,50
115.19,50
115.233,50
115.26,50
115.298,50
115.334,50
115.367,50
115.398,50
115.443,50
115.476,50
115.511,50
115.538,50
115.579,50
115.62,50
115.655,50
115.684,50
115.718,50
115.754,50
115.782,50
115.819,50
115.861,50
115.883,50
115.926,50
115.958,50
115.994,51
116.026,50
116.062,50
116.182,50
116.227,50
116.255,50
116.289,50
116.332,50
116.374,50
116.401,50
116.434,50
116.463,50
116.503,50
116.534,50
116.574,50
116.602,51
116.632,50
116.663,50
116.703,51
116.738,50
116.772,50
116.805,50
116.844,50
116.883,50
116.919,50
116.944,50
116.995,50
117.029,50
117.068,50
117.087,50
117.123,50
117.161,50
117.192,50
117.221,50
117.324,50
117.355,50
117.393,50
117.435,50
117.471,50
117.504,50
117.533,50
117.569,51
117.605,50
117.632,50
117.67,51
117.699,50
117.749,50
117.786,51
117.826,50
117.848,50
117.878,50
117.913,50
117.95,50
117.988,50
118.023,51
118.055,51
118.094,50
118.122,51
118.181,50
118.225,50
118.267,50
118.291,50
118.319,50
118.353,50
118.39,50
118.415,50
118.457,50
118.489,50
118.541,50
118.566,50
118.607,52
118.633,50
118.672,50
118.695,50
118.737,50
118.77,50
118.802,50
118.834,52
118.876,50
118.909,50
118.949,51
118.976,50
119.048,50
119.076,50
119.117,51
119.147,50
119.2,50
119.229,50
119.252,50
119.285,50
119.323,50
119.366,50
119.396,51
119.434,50
119.466,50
119.491,50
119.528,50
119.565,51
119.62,50
119.636,51
119.663,50
119.698,51
119.734,50
119.767,50
119.804,50
119.835,50
119.905,50
119.934,50
119.974,50
120.003,50
120.041,50
120.08,50
120.112,50
120.137,50
120.175,50
120.202,51
120.255,50
120.283,50
120.32,50
120.347,50
120.387,50
120.414,50
120.448,50
120.479,50
120.523,50
120.548,50
120.587,51
120.617,50
120.661,50
120.684,50
120.726,50
120.766,50
120.809,50
120.836,50
120.863,50
120.895,50
120.928,50
120.961,50
121.001,50
121.037,50
121.077,50
121.103,50
121.142,50
121.193,50
121.209,51
121.248,50
121.295,50
121.319,50
121.344,50
121.375,50
121.425,50
121.447,50
121.481,51
121.513,50
121.562,50
121.593,50
121.627,50
121.656,50
121.697,50
121.734,50
121.762,51
121.798,50
121.828,50
121.865,50
121.908,50
121.931,50
121.966,50
121.998,50
122.041,50
122.069,50
122.107,50
122.136,51
122.196,50
122.218,50
122.272,51
122.286,50
122.319,50
122.349,50
122.384,50
122.414,50
122.458,50
122.486,50
122.521,50
122.556,50
122.591,50
122.617,51
122.658,50
122.687,50
122.728,50
122.758,50
122.796,50
122.826,50
122.867,50
122.898,50
122.938,50
122.963,50
123.01,50
123.04,50
123.082,50
123.107,50
123.137,50
123.173,50
123.224,51
123.243,51
123.285,50
123.318,50
123.35,50
123.384,50
123.415,50
123.446,50
123.481,50
123.519,50
123.557,50
123.59,50
123.627,50
123.661,50
123.699,50
123.734,50
123.773,50
123.801,50
123.837,50
123.867,50
123.916,50
123.939,50
123.972,50
124.005,50
124.039,50
124.072,50
124.108,51
124.137,50
124.183,51
124.209,51
124.258,50
124.281,50
124.322,50
124.35,50
124.392,50
124.417,51
124.459,50
124.496,50
124.527,50
124.555,50
124.597,50
124.627,50
124.666,50
124.693,50
124.731,50
124.763,50
124.807,50
124.838,50
124.871,51
124.909,50
124.943,50
124.976,50
125.009,50
125.042,50
125.078,50
125.113,50
125.147,50
125.182,50
125.22,50
125.254,50
125.297,50
125.325,50
125.356,50
125.387,50
125.431,50
125.461,50
125.495,50
125.527,50
125.561,50
125.594,50
125.633,50
125.662,50
125.699,50
125.731,50
125.777,50
125.802,50
125.836,50
125.871,50
125.918,50
125.957,50
125.984,50
126.017,50
126.05,50
126.079,50
126.123,50
126.17,50
126.193,50
126.218,50
126.25,50
126.286,50
126.34,50
126.358,50
126.391,50
126.427,50
126.478,50
126.506,50
126.548,51
126.575,50
126.609,51
126.724,50
126.759,51
126.807,50
126.843,50
126.869,51
126.901,51
126.931,50
126.97,50
127.003,50
127.038,50
127.074,50
127.112,50
127.136,50
127.181,50
127.209,50
127.254,50
127.277,50
127.323,51
127.352,50
127.386,50
127.417,50
127.479,50
127.495,50
127.523,50
127.557,50
127.603,50
127.633,50
127.67,50
127.704,50
127.738,50
127.768,50
127.801,50
127.841,50
127.93,50
127.961,50
128.002,50
128.033,50
128.066,50
128.098,50
128.129,50
128.166,50
128.2,50
128.237,50
128.271,50
128.304,50
128.342,50
128.376,50
128.415,50
128.442,50
128.479,50
128.516,50
128.556,50
128.589,50
128.63,50
128.67,51
128.701,50
128.726,50
128.77,50
128.795,50
128.827,50
128.866,50
128.899,50
128.939,51
128.977,50
129.005,50
129.042,50
129.074,50
129.114,51
129.143,50
129.189,50
129.216,50
129.25,50
129.279,50
129.319,51
129.351,50
129.387,50
129.42,50
129.466,50
129.496,50
129.524,50
129.553,50
129.597,50
129.63,51
129.665,50
129.699,50
129.741,51
129.764,50
129.879,51
129.916,50
129.95,50
129.981,50
130.016,50
130.051,50
130.093,50
130.129,50
130.163,50
130.199,50
130.23,51
130.26,50
130.293,50
130.326,50
130.37,50
130.417,50
130.437,50
130.464,50
130.506,50
130.536,50
130.571,50
130.601,50
130.648,50
130.679,50
130.717,50
130.743,50
130.774,50
130.807,50
130.852,50
130.872,50
130.918,50
130.949,50
130.991,50
131.016,50
131.055,50
131.086,51
131.123,50
131.153,50
131.187,50
131.226,50
131.261,50
131.291,50
131.327,50
131.366,50
131.402,50
131.429,50
131.467,50
131.497,51
131.54,50
131.57,50
131.622,50
131.647,50
131.682,50
131.721,50
131.746,50
131.778,50
131.812,50
131.846,50
131.885,50
131.921,50
131.962,50
131.983,50
132.023,50
132.062,51
132.103,51
132.129,50
132.164,50
132.196,50
132.232,50
132.261,50
132.313,50
132.348,51
132.381,50
132.407,51
132.441,50
132.47,50
132.511,50
132.547,51
132.595,50
132.62,50
132.643,50
132.674,51
132.78,50
132.837,50
132.869,50
132.89,50
132.914,50
132.95,50
132.986,50
133.021,50
133.048,52
133.087,50
133.123,51
133.152,50
133.192,50
133.219,50
133.274,51
133.311,50
133.341,50
133.364,51
133.396,51
133.43,50
133.465,51
133.506,50
133.545,50
133.571,51
133.611,50
133.636,50
133.678,50
133.707,50
133.745,50
133.774,50
133.811,50
133.856,50
133.893,50
133.928,50
133.958,50
133.971,50
134.005,50
134.046,50
134.088,50
134.112,51
134.15,50
134.176,50
134.224,51
134.254,50
134.292,50
134.319,51
134.357,50
134.389,50
134.426,50
134.454,50
134.491,50
134.528,52
134.565,50
134.592,50
134.633,51
134.668,50
134.708,50
134.733,50
134.774,50
134.801,50
134.833,50
134.882,50
134.908,50
134.938,50
134.974,50
135.01,50
135.048,50
135.079,50
135.122,50
135.16,50
135.191,50
135.217,50
135.252,50
135.287,50
135.329,50
135.357,50
135.393,50
135.423,50
135.461,50
135.489,50
135.614,50
135.649,50
135.684,50
135.704,50
135.743,50
135.778,50
135.813,50
135.841,50
135.884,50
135.909,50
135.952,50
135.992,50
136.025,51
136.053,50
136.091,50
136.124,50
136.158,50
136.188,50
136.225,50
136.257,51
136.301,50
136.328,50
136.367,51
136.396,50
136.431,50
136.464,50
136.501,50
136.534,50
136.571,50
136.601,50
136.643,50
136.675,50
136.713,51
136.738,50
136.783,50
136.811,50
136.856,50
136.901,51
136.92,50
136.947,50
136.991,50
137.028,50
137.151,50
137.19,50
137.215,50
137.246,50
137.294,51
137.318,50
137.354,50
137.394,51
137.429,50
137.46,52
137.493,50
137.53,50
137.565,50
137.59,50
137.639,50
137.667,50
137.696,51
137.736,50
137.768,50
137.804,50
137.841,50
137.867,50
137.909,50
137.945,51
137.98,50
138.011,51
138.068,50
138.1,50
138.133,50
138.158,50
138.193,50
138.215,50
138.249,50
138.291,50
138.326,50
138.359,50
138.395,50
138.428,50
138.471,51
138.499,50
138.531,50
138.573,50
138.621,50
138.642,50
138.67,50
138.703,50
138.746,50
138.777,50
138.812,50
138.845,50
138.881,50
138.914,50
138.953,50
138.981,50
139.017,50
139.05,51
139.089,50
139.122,51
139.157,50
139.189,50
139.239,50
139.275,50
139.318,50
139.331,51
139.362,50
139.4,50
139.441,51
139.468,50
139.508,50
139.533,50
139.567,50
139.613,50
139.662,50
139.689,50
139.714,50
139.741,50
139.781,50
139.809,50
139.845,50
139.877,51
139.909,50
139.959,50
139.984,50
140.012,51
140.045,50
140.084,50
140.118,50
140.157,50
140.216,50
140.231,50
140.274,50
140.303,50
140.345,50
140.365,50
140.392,50
140.43,50
140.465,50
140.496,51
140.595,50
140.626,50
140.657,50
140.688,50
140.723,50
140.761,50
140.797,51
140.827,50
140.869,50
140.896,50
140.945,50
140.968,50
141.013,50
141.038,50
141.069,50
141.107,50
141.143,50
141.176,50
141.211,50
141.249,50
141.303,51
141.314,50
141.348,50
141.38,50
141.422,50
141.457,50
141.488,50
141.52,50
141.556,50
141.6,50
141.636,50
141.666,51
141.699,50
141.73,50
141.769,50
141.801,50
141.832,50
141.864,50
141.914,50
141.94,50
141.981,50
142.006,50
142.051,50
142.091,50
142.116,50
142.142,50
142.183,50
142.209,50
142.253,50
142.281,50
142.332,50
142.349,50
142.393,50
142.422,50
142.467,50
142.488,50
142.529,50
142.563,50
142.597,50
142.627,50
142.671,51
142.699,50
142.738,50
142.768,50
142.805,50
142.833,50
142.874,50
142.907,50
142.942,50
142.98,50
143.013,50
143.047,50
143.084,50
143.119,50
143.159,50
143.186,50
143.228,50
143.255,50
143.287,50
143.323,50
143.37,50
143.396,50
143.434,50
143.459,50
143.507,50
143.539,50
143.585,50
143.6,50
143.636,50
143.67,50
143.711,50
143.737,50
143.773,50
143.803,50
143.846,50
143.877,50
143.916,50
143.944,50
143.979,50
144.023,50
144.051,50
144.085,50
144.127,50
144.149,50
144.193,50
144.222,50
144.257,50
144.289,51
144.326,50
144.361,50
144.408,50
144.427,50
144.468,50
144.497,50
144.543,50
144.573,50
144.616,50
144.64,50
144.677,50
144.711,50
144.741,50
144.774,50
144.804,50
144.856,50
144.88,50
144.909,50
144.947,50
144.978,50
145.02,50
145.046,50
145.081,50
145.116,51
145.156,50
145.187,50
145.222,50
145.255,50
145.293,50
145.328,50
145.364,50
145.391,50
145.438,50
145.463,50
145.505,50
145.531,50
145.573,50
145.613,50
145.653,50
145.671,50
145.703,50
145.737,50
145.779,50
145.831,51
145.865,50
145.885,50
145.926,51
145.952,50
145.984,50
146.016,51
146.051,50
146.081,50
146.122,50
146.157,50
146.191,50
146.221,50
146.261,50
146.293,50
146.33,50
146.361,51
146.401,50
146.441,50
146.491,50
146.517,50
146.551,50
146.576,50
146.614,50
146.645,50
146.684,50
146.715,50
146.752,50
146.786,50
146.832,50
146.862,50
146.895,50
146.921,50
146.962,50
146.993,50
147.04,50
147.056,50
147.098,50
147.13,50
147.165,50
147.197,50
147.232,50
147.268,50
147.301,50
147.337,50
147.373,50
147.404,50
147.449,50
147.473,50
147.508,50
147.541,51
147.576,50
147.607,50
147.647,50
147.685,50
147.73,50
147.754,50
147.79,51
147.822,50
147.855,50
147.89,50
147.917,50
147.949,50
147.984,50
148.086,50
148.129,51
148.154,50
148.2,50
148.23,50
148.269,50
148.297,50
148.339,50
148.361,50
148.402,51
148.432,50
148.468,50
148.511,50
148.548,50
148.576,50
148.608,50
148.646,50
148.675,50
148.712,50
148.747,50
148.777,50
148.821,50
148.86,50
148.892,50
148.93,50
148.978,50
148.996,50
149.035,50
149.074,50
149.112,50
149.137,50
149.179,50
149.208,50
149.245,50
149.278,51
149.312,50
149.348,50
149.387,50
149.42,50
149.455,50
149.484,50
149.525,50
149.557,50
149.594,50
149.621,50
149.657,50
149.695,50
149.734,50
149.767,50
149.802,50
149.835,50
149.879,50
149.908,50
149.938,50
149.975,50
150.023,50
150.06,50
150.093,50
150.119,50
150.168,50
150.187,50
150.221,50
150.253,50
150.286,50
150.333,50
150.365,50
150.401,50
150.432,50
150.469,50
150.503,50
150.537,50
150.572,50
150.601,50
150.644,50
150.671,50
150.708,51
150.747,50
150.783,50
150.806,50
150.847,50
150.881,50
150.915,50
150.944,50
150.988,50
151.018,50
151.052,50
151.086,50
151.127,50
151.155,50
151.197,50
151.231,50
151.274,50
151.292,50
151.34,50
151.362,50
151.395,50
151.429,50
151.468,50
151.504,50
151.539,50
151.572,50
151.647,50
151.67,50
151.707,50
151.738,50
151.775,50
151.805,50
151.846,50
151.876,50
151.911,50
151.948,50
151.978,50
152.019,50
152.061,50
152.092,50
152.119,50
152.149,50
152.191,50
152.225,50
152.258,50
152.292,50
152.335,50
152.374,50
152.41,50
152.434,50
152.468,50
152.506,50
152.547,50
152.574,50
152.605,50
152.637,50
152.676,50
152.711,50
152.745,50
152.793,50
152.817,50
152.845,50
152.88,50
152.915,50
152.959,50
152.987,50
153.039,50
153.06,50
153.088,50
153.126,50
153.168,50
153.2,50
153.239,50
153.285,50
153.32,50
153.338,50
153.373,50
153.404,50
153.444,50
153.476,50
153.511,50
153.544,50
153.581,50
153.622,50
153.67,50
153.692,50
153.72,50
153.751,50
153.795,50
153.832,50
153.862,50
153.891,50
153.94,50
153.98,50
154.016,50
154.039,50
154.071,50
154.105,50
154.14,50
154.17,50
154.255,50
154.277,50
154.322,50
154.343,50
154.379,50
154.409,50
154.447,50
154.474,50
154.519,50
154.548,50
154.583,50
154.619,50
154.66,50
154.688,50
154.725,50
154.76,50
154.81,50
154.841,50
154.867,50
154.909,50
154.938,50
154.967,50
155.002,50
155.031,50
155.065,50
155.097,50
155.143,50
155.171,50
155.207,50
155.235,50
155.277,50
155.307,50
155.344,50
155.376,50
155.41,50
155.445,50
155.488,50
155.515,50
155.591,50
155.616,50
155.656,50
155.689,50
155.723,50
155.754,50
155.796,50
155.819,50
155.865,50
155.892,50
155.929,50
155.966,50
155.993,50
156.031,50
156.069,50
156.101,50
156.144,50
156.176,50
156.207,50
156.237,50
156.273,50
156.309,50
156.349,50
156.375,50
156.412,50
156.445,50
156.484,50
156.603,50
156.635,50
156.668,52
156.711,50
156.739,50
156.775,50
156.806,50
156.855,50
156.885,50
156.924,50
156.953,50
156.979,50
157.011,50
157.055,50
157.088,50
157.119,50
157.15,50
157.188,50
157.225,50
157.26,50
157.29,50
157.33,50
157.357,50
157.407,50
157.44,50
157.48,50
157.504,50
157.531,50
157.566,50
157.601,50
157.635,50
157.678,50
157.701,50
157.739,50
157.77,50
157.801,50
157.835,50
157.878,50
157.911,50
157.943,50
157.983,50
158.027,50
158.066,50
158.091,50
158.113,50
158.147,50
158.18,50
158.224,50
158.253,50
158.289,50
158.318,50
158.366,50
158.397,50
158.425,50
158.455,50
158.5,50
158.523,50
158.562,51
158.595,50
158.631,50
158.668,50
158.706,50
158.752,50
158.783,50
158.803,50
158.834,50
158.87,50
158.915,50
158.934,50
158.969,50
159.005,50
159.049,50
159.081,50
159.12,50
159.146,50
159.173,50
159.213,50
159.245,50
159.276,50
159.312,50
159.35,50
159.39,50
159.42,50
159.459,50
159.485,50
159.539,50
159.57,50
159.606,50
159.633,50
159.664,50
159.697,50
159.733,50
159.762,51
159.806,50
159.832,50
159.873,50
159.908,50
159.938,50
159.966,50
160.013,51
160.032,50
160.069,50
160.107,50
160.145,50
160.173,50
160.212,50
160.241,50
160.277,50
160.308,50
160.346,50
160.381,50
160.426,50
160.446,50
160.481,50
160.515,50
160.562,50
160.584,50
160.623,50
160.652,50
160.693,50
160.739,50
160.768,50
160.794,50
160.835,50
160.865,50
160.896,50
160.93,50
160.964,50
161.005,51
161.037,50
161.067,50
161.099,50
161.134,50
161.173,50
161.206,50
161.241,50
161.272,50
161.31,51
161.343,50
161.378,50
161.407,50
161.444,50
161.476,50
161.51,50
161.549,50
161.584,50
161.616,50
161.65,50
161.683,50
161.72,50
161.756,50
161.785,50
161.878,50
161.917,50
161.946,50
161.986,50
162.013,50
162.048,50
162.088,50
162.12,50
162.159,50
162.201,50
162.232,50
162.278,50
162.291,51
162.326,50
162.356,50
162.395,50
162.428,50
162.464,50
162.494,50
162.536,50
162.568,50
162.603,50
162.635,50
162.684,50
162.712,50
162.752,50
162.78,50
162.808,50
162.836,50
162.869,50
162.91,50
162.946,50
162.975,50
163.009,50
163.047,50
163.086,50
163.112,50
163.148,51
163.185,50
163.22,50
163.25,50
163.287,51
163.319,50
163.383,50
163.402,50
163.434,50
163.463,50
163.501,50
163.525,50
163.571,50
163.594,50
163.635,50
163.695,50
163.708,50
163.732,50
163.769,50
163.8,50
163.839,50
163.87,50
163.905,50
163.937,50
163.975,50
164.002,50
164.05,50
164.094,50
164.118,50
164.141,50
164.187,50
164.229,50
164.256,50
164.284,50
164.321,50
164.353,50
164.39,50
164.421,50
164.455,50
164.486,50
164.526,50
164.56,50
164.6,50
164.626,50
164.67,50
164.698,50
164.733,50
164.769,50
164.809,50
164.839,50
164.873,50
164.901,50
164.94,50
164.972,50
165.118,50
165.146,50
165.186,50
165.22,50
165.255,50
165.294,50
165.32,50
165.349,50
165.382,50
165.417,50
165.463,50
165.491,50
165.523,50
165.553,50
165.592,50
165.632,50
165.661,50
165.693,50
165.737,50
165.766,50
165.797,50
165.828,50
165.87,50
165.911,50
165.944,50
165.967,50
166.004,50
166.04,50
166.087,50
166.11,50
166.144,50
166.182,50
166.22,50
166.247,50
166.281,50
166.319,50
166.372,50
166.383,50
166.42,50
166.451,50
166.512,50
166.54,50
166.562,50
166.59,50
166.63,50
166.655,50
166.69,50
166.734,50
166.777,50
166.8,50
166.83,50
166.862,50
166.909,50
166.946,50
166.972,50
167.001,50
167.038,50
167.071,50
167.106,50
167.142,50
167.175,50
167.21,50
167.245,50
167.283,50
167.315,50
167.344,50
167.385,50
167.412,50
167.45,50
167.483,50
167.528,50
167.552,50
167.6,50
167.632,50
167.665,50
167.689,50
167.724,50
167.764,50
167.808,50
167.835,50
167.86,50
167.894,50
167.938,50
167.968,50
168.002,50
168.039,50
168.072,50
168.094,50
168.128,50
168.16,50
168.202,50
168.235,50
168.27,50
168.302,50
168.343,50
168.373,50
168.431,50
168.452,50
168.481,50
168.514,50
168.556,50
168.58,50
168.613,50
168.649,50
168.69,51
168.726,50
168.761,50
168.788,50
168.818,50
168.852,50
168.889,50
168.922,50
168.959,50
168.988,50
169.029,50
169.06,50
169.11,50
169.143,50
169.175,50
169.2,50
169.235,50
169.262,50
169.301,50
169.339,50
169.382,50
169.414,50
169.449,50
169.475,51
169.515,50
169.542,50
169.596,50
169.618,50
169.645,50
169.679,50
169.792,50
169.822,50
169.864,50
169.902,50
169.935,50
169.961,50
169.995,50
170.026,50
170.069,50
170.098,50
170.133,50
170.164,50
170.212,50
170.247,50
170.281,50
170.314,50
170.347,50
170.382,50
170.411,50
170.446,50
170.484,50
170.509,50
170.55,50
170.585,50
170.625,50
170.65,50
170.689,50
170.719,50
170.755,50
170.79,50
170.828,50
170.859,50
170.891,50
170.931,51
170.97,50
171.004,50
171.031,50
171.061,50
171.118,50
171.132,50
171.158,50
171.196,50
171.234,50
171.267,50
171.3,50
171.333,50
171.377,50
171.405,50
171.44,50
171.473,50
171.506,50
171.535,50
171.582,50
171.608,50
171.642,50
171.674,50
171.759,50
171.78,50
171.821,50
171.848,50
171.89,50
171.909,50
171.95,51
171.985,50
172.026,50
172.052,50
172.086,50
172.122,50
172.159,50
172.2,51
172.239,50
172.261,50
172.302,50
172.326,50
172.365,50
172.407,50
172.442,50
172.471,50
172.5,50
172.527,50
172.568,50
172.612,50
172.647,50
172.676,50
172.706,51
172.744,50
172.792,50
172.805,50
172.84,50
172.872,50
172.915,50
172.943,50
172.979,50
173.01,50
173.066,50
173.091,51
173.122,50
173.152,50
173.193,50
173.215,50
173.256,51
173.288,50
173.329,51
173.355,50
173.398,50
173.432,50
173.476,50
173.495,50
173.531,50
173.572,50
173.601,50
173.632,50
173.675,50
173.696,50
173.743,50
173.793,50
173.821,50
173.845,50
173.874,50
173.907,50
173.942,50
173.973,50
174.01,50
174.044,51
174.081,50
174.111,50
174.151,50
174.182,50
174.221,50
174.248,50
174.284,50
174.319,50
174.365,51
174.387,50
174.427,50
174.458,50
174.502,50
174.528,50
174.561,50
174.598,50
174.651,50
174.668,50
174.701,50
174.728,50
174.764,50
174.795,50
174.837,50
174.872,50
174.907,50
174.935,50
174.982,50
175.017,50
175.045,50
175.071,50
175.119,50
175.143,50
175.18,50
175.211,50
175.247,50
175.274,50
175.313,50
175.35,50
175.386,50
175.413,50
175.452,50
175.484,50
175.523,50
175.567,50
175.686,50
175.721,50
175.755,50
175.788,50
175.826,50
175.857,50
175.902,50
175.935,50
175.973,50
175.999,50
176.033,51
176.06,50
176.106,50
176.134,50
176.166,50
176.197,50
176.24,50
176.273,50
176.309,50
176.337,50
176.382,50
176.411,50
176.447,50
176.478,50
176.517,50
176.545,50
176.581,50
176.615,50
176.662,50
176.683,50
176.721,50
176.754,50
176.87,50
176.902,50
176.938,50
176.965,50
177,51
177.045,50
177.065,50
177.1,51
177.135,50
177.17,51
177.206,50
177.235,50
177.277,50
177.309,50
177.352,50
177.38,50
177.416,50
177.446,50
177.488,51
177.519,50
177.557,50
177.591,50
177.629,50
177.655,50
177.688,50
177.721,50
177.764,50
177.794,50
177.827,50
177.867,50
177.903,51
177.925,50
177.973,50
177.997,50
178.037,50
178.092,50
178.109,50
178.137,50
178.176,50
178.208,50
178.244,50
178.275,50
178.316,50
178.347,50
178.382,50
178.411,50
178.451,50
178.483,50
178.523,50
178.55,50
178.584,50
178.62,50
178.661,52
178.685,50
178.787,50
178.823,50
178.862,50
178.884,50
178.915,51
178.952,50
178.986,50
179.02,50
179.058,50
179.082,50
179.12,50
179.174,50
179.219,50
179.241,50
179.258,50
179.296,50
179.349,50
179.378,50
179.411,50
179.434,50
179.486,50
179.504,50
179.534,51
179.565,50
179.606,50
179.637,50
179.672,50
179.715,50
179.749,50
179.767,50
179.81,50
179.915,50
179.954,50
179.98,50
180.015,50
180.06,50
180.101,50
180.129,50
180.161,50
180.188,50
180.23,50
180.277,50
180.303,50
180.328,50
180.368,50
180.404,50
180.443,50
180.464,50
180.507,50
180.546,50
180.579,50
180.694,50
180.728,50
180.769,50
180.817,50
180.833,50
180.865,50
180.903,50
180.942,50
180.976,50
181.006,50
181.039,50
181.087,50
181.132,50
181.157,50
181.185,50
181.227,50
181.255,50
181.287,50
181.316,50
181.348,50
181.394,50
181.423,50
181.454,50
181.485,50
181.523,50
181.563,50
181.591,50
181.625,50
181.665,50
181.694,50
181.73,50
181.761,50
181.799,50
181.844,50
181.866,50
181.909,50
181.956,50
182.002,50
182.018,50
182.052,50
182.082,50
182.131,50
182.151,50
182.185,50
182.224,50
182.26,50
182.29,50
182.325,50
182.355,50
182.397,50
182.43,50
182.465,50
182.495,50
182.534,50
182.567,50
182.606,50
182.639,50
182.668,50
182.713,50
182.752,50
182.787,50
182.82,50
182.846,50
182.878,50
182.911,50
182.943,50
182.974,50
183.108,50
183.133,50
183.164,50
183.2,50
183.24,50
183.27,50
183.304,50
183.342,50
183.377,50
183.405,50
183.446,50
183.479,50
183.512,50
183.544,50
183.583,50
183.615,50
183.645,50
183.683,50
183.739,50
183.75,50
183.781,50
183.814,50
183.852,50
183.882,50
183.915,50
183.955,50
184,50
184.023,50
184.059,50
184.089,50
184.132,50
184.157,50
184.211,50
184.231,50
184.274,50
184.298,50
184.333,50
184.367,50
184.4,50
184.433,50
184.481,50
184.514,50
184.544,50
184.573,50
184.621,50
184.647,50
184.68,50
184.706,50
184.747,50
184.785,50
184.821,50
184.85,50
184.888,50
184.919,50
184.956,50
184.99,50
185.028,50
185.054,50
185.081,50
185.122,50
185.16,50
185.195,50
185.233,50
185.259,50
185.298,50
185.331,50
185.36,50
185.397,50
185.438,50
185.463,50
185.505,50
185.54,50
185.569,50
185.602,50
185.647,50
185.668,50
185.706,50
185.74,50
185.78,50
185.806,50
185.841,50
185.88,50
185.927,50
185.949,50
185.982,50
186.012,50
186.055,50
186.075,50
186.118,50
186.161,50
186.198,50
186.219,50
186.26,50
186.289,50
186.331,50
186.351,50
186.393,50
186.426,50
186.473,50
186.495,51
186.525,50
186.569,50
186.636,50
186.652,50
186.667,50
186.768,50
186.797,50
186.827,50
186.867,50
186.9,50
186.938,50
186.967,50
186.999,50
187.032,50
187.068,50
187.103,50
187.146,50
187.172,50
187.23,50
187.262,50
187.283,50
187.312,50
187.343,50
187.386,50
187.432,50
187.455,50
187.49,50
187.529,50
187.559,50
187.589,50
187.619,50
187.656,50
187.685,50
187.719,50
187.765,50
187.793,50
187.833,50
187.932,50
187.975,50
188.002,50
188.048,50
188.084,50
188.113,50
188.143,50
188.179,50
188.221,50
188.261,50
188.285,50
188.32,50
188.35,50
188.396,50
188.417,50
188.456,50
188.487,50
188.525,50
188.55,50
188.584,50
188.625,50
188.665,50
188.689,50
188.732,50
188.757,50
188.814,50
188.829,50
188.868,50
188.897,50
188.934,50
188.965,50
189.018,50
189.039,50
189.076,50
189.112,51
189.155,50
189.173,50
189.209,50
189.24,50
189.294,50
189.323,50
189.356,50
189.383,50
189.422,50
189.452,50
189.485,50
189.517,50
189.552,50
189.582,50
189.622,50
189.658,50
189.699,50
189.721,50
189.759,50
189.786,50
189.834,50
189.915,50
189.953,50
189.981,50
190.012,50
190.056,50
190.087,50
190.111,50
190.149,50
190.183,50
190.215,50
190.246,50
190.28,50
190.318,50
190.357,50
190.386,50
190.418,50
190.456,50
190.501,50
190.523,50
190.556,50
190.597,50
190.635,50
190.667,50
190.707,50
190.74,50
190.768,50
190.799,50
190.835,50
190.864,50
190.914,50
190.931,50
190.983,50
191.015,50
191.055,50
191.08,50
191.111,50
191.147,50
191.199,50
191.211,50
191.25,50
191.277,50
191.314,50
191.344,50
191.389,50
191.412,50
191.461,50
191.496,50
191.531,50
191.556,50
191.587,50
191.619,50
191.658,50
191.687,50
191.72,50
191.759,50
191.807,50
191.833,50
191.87,50
191.897,50
191.954,50
191.971,50
191.998,50
192.026,50
192.064,50
192.103,50
192.148,50
192.17,50
192.202,50
192.237,50
192.272,50
192.304,50
192.338,50
192.372,50
192.422,50
192.453,50
192.486,50
192.513,50
192.546,50
192.587,50
192.616,50
192.653,50
192.688,50
192.718,50
192.755,50
192.793,50
192.83,50
192.862,50
192.904,50
192.94,50
192.974,50
192.996,51
193.038,50
193.064,50
193.103,50
193.131,50
193.18,50
193.214,50
193.246,50
193.27,50
193.323,50
193.348,50
193.386,50
193.408,50
193.446,50
193.477,50
193.507,50
193.547,50
193.583,50
193.618,50
193.65,50
193.677,50
193.724,51
193.756,51
193.789,50
193.83,50
193.868,50
193.889,50
193.922,50
193.953,50
193.999,50
194.026,50
194.061,50
194.098,50
194.13,50
194.16,50
194.208,50
194.243,50
194.285,50
194.306,50
194.335,50
194.366,50
194.406,50
194.441,50
194.482,50
194.503,50
194.552,50
194.582,50
194.628,50
194.647,51
194.674,50
194.712,50
194.752,50
194.778,50
194.815,50
194.853,50
194.897,50
194.923,50
194.961,50
194.99,50
195.031,50
195.057,50
195.096,51
195.124,50
195.166,50
195.199,50
195.235,50
195.285,50
195.306,50
195.333,50
195.367,50
195.39,51
195.443,50
195.461,50
195.496,50
195.535,50
195.573,50
195.603,50
195.648,50
195.679,50
195.712,50
195.746,51
195.784,50
195.815,50
195.858,50
195.892,50
195.946,50
195.964,50
195.987,50
196.024,50
196.057,50
196.093,50
196.128,50
196.155,50
196.195,50
196.229,50
196.263,50
196.296,50
196.335,50
196.371,50
196.417,50
196.434,50
196.466,50
196.505,50
196.537,50
196.574,50
196.607,50
196.637,50
196.689,50
196.718,50
196.758,50
196.789,50
196.813,50
196.843,50
196.878,50
196.924,50
196.968,50
196.993,50
197.039,50
197.073,50
197.109,50
197.137,50
197.179,50
197.207,50
197.247,50
197.277,50
197.321,50
197.353,50
197.383,50
197.415,50
197.458,50
197.484,50
197.524,50
197.553,50
197.592,50
197.623,50
197.659,50
197.696,50
197.733,50
197.762,50
197.801,50
197.842,50
197.885,50
197.899,50
197.93,50
197.982,50
198.022,50
198.046,50
198.074,50
198.107,50
198.141,50
198.186,50
198.215,50
198.237,50
198.276,50
198.313,50
198.361,50
198.39,50
198.438,50
198.451,50
198.492,51
198.515,50
198.547,50
198.582,50
198.624,50
198.653,50
198.687,50
198.719,50
198.769,50
198.792,50
198.825,50
198.86,50
198.896,51
198.923,50
198.955,50
199.055,50
199.093,51
199.121,50
199.163,50
199.199,50
199.227,50
199.26,51
199.309,50
199.338,50
199.371,50
199.401,50
199.444,50
199.468,50
199.507,50
199.535,50
199.581,50
199.605,50
199.637,50
199.672,50
199.712,50
199.745,50
199.779,50
199.806,50
199.85,50
199.877,50
199.92,50
199.949,50
199.986,50
200.015,50
200.05,50
200.09,50
200.139,50
200.157,50
200.191,50
200.225,50
200.256,50
200.286,51
200.329,50
200.356,50
200.393,50
200.422,50
200.468,50
200.494,50
200.532,50
200.563,50
200.606,50
200.627,50
200.67,50
200.698,50
200.743,50
200.778,50
200.808,50
200.838,50
200.876,50
200.905,50
200.938,50
200.978,50
201.019,50
201.046,50
201.078,50
201.119,50
201.157,50
201.187,50
201.22,50
201.261,50
201.293,50
201.324,50
201.361,50
201.39,50
201.432,50
201.459,50
201.511,51
201.536,50
201.564,50
201.598,51
201.64,50
201.666,51
201.71,50
201.748,50
201.793,50
201.818,50
201.852,50
201.886,50
201.937,50
201.963,50
201.997,50
202.025,50
202.057,50
202.106,50
202.137,50
202.162,50
202.203,50
202.23,50
202.274,50
202.304,50
202.351,50
202.385,50
202.422,50
202.443,50
202.474,50
202.508,50
202.548,51
202.569,50
202.61,50
202.642,51
202.68,50
202.71,50
202.755,50
202.793,50
202.828,50
202.853,50
202.884,50
202.916,50
202.962,50
202.987,50
203.03,50
203.068,50
203.104,50
203.122,50
203.157,50
203.196,50
203.234,50
203.265,50
203.301,50
203.333,50
203.363,50
203.393,50
203.438,50
203.471,50
203.501,50
203.533,50
203.577,50
203.605,51
203.641,50
203.676,50
203.719,50
203.745,50
203.786,50
203.831,50
203.858,50
203.876,51
203.917,50
203.949,50
203.993,50
204.016,50
204.054,50
204.085,50
204.129,50
204.151,50
204.186,50
204.226,50
204.26,50
204.291,50
204.327,50
204.357,50
204.391,50
204.438,50
204.48,51
204.512,50
204.54,50
204.561,50
204.614,50
204.638,50
204.682,50
204.699,51
204.731,50
204.76,50
204.802,51
204.84,50
204.882,50
204.914,51
204.944,51
204.98,50
205.019,50
205.037,50
205.078,50
205.113,50
205.157,50
205.19,50
205.212,50
205.25,50
205.287,50
205.324,50
205.354,50
205.402,50
205.433,50
205.457,50
205.5,50
205.521,50
205.561,51
205.596,50
205.629,51
205.657,51
205.695,50
205.733,50
205.783,50
205.817,50
205.837,50
205.862,50
205.899,50
205.938,50
205.973,50
206.003,50
206.031,50
206.065,50
206.106,50
206.144,50
206.181,50
206.218,50
206.25,50
206.276,50
206.312,50
206.34,50
206.394,50
206.421,50
206.457,50
206.483,50
206.519,50
206.556,50
206.6,50
206.624,50
206.658,50
206.689,50
206.731,50
206.761,50
206.805,50
206.835,50
206.873,50
206.894,50
206.951,50
206.971,50
207.004,50
207.036,50
207.078,50
207.106,50
207.136,50
207.172,50
207.287,50
207.309,50
207.351,50
207.384,50
207.425,50
207.449,50
207.49,50
207.521,50
207.568,50
207.585,50
207.634,50
207.663,50
207.702,50
207.727,50
207.763,50
207.795,50
207.849,50
207.867,50
207.906,50
207.927,50
207.97,50
208.005,50
208.041,50
208.066,50
208.098,50
208.134,50
208.183,50
208.211,50
208.245,50
208.276,50
208.316,50
208.343,50
208.385,50
208.427,50
208.459,50
208.486,50
208.519,50
208.545,50
208.585,50
208.617,50
208.657,50
208.685,50
208.718,50
208.751,50
208.791,50
208.821,50
208.863,50
208.894,51
208.936,50
208.955,50
209.002,50
209.031,50
209.068,50
209.093,50
209.128,50
209.165,50
209.206,50
209.229,50
209.264,51
209.302,50
209.34,50
209.368,50
209.406,50
209.438,50
209.484,50
209.515,50
209.557,50
209.582,50
209.61,50
209.644,50
209.677,50
209.711,50
209.75,50
209.784,50
209.818,50
209.848,50
209.881,50
209.914,50
209.957,50
209.99,50
210.024,50
210.054,50
210.092,50
210.126,50
210.15,51
210.185,50
210.233,50
210.26,50
210.289,50
210.324,50
210.369,50
210.397,50
210.43,50
210.474,50
210.519,50
210.533,51
210.572,50
210.603,50
210.648,50
210.681,50
210.713,50
210.737,50
210.776,50
210.805,50
210.918,50
210.945,50
210.984,50
211.018,50
211.054,50
211.081,50
211.122,50
211.154,50
211.192,50
211.219,50
211.257,50
211.294,50
211.336,50
211.357,50
211.398,50
211.433,50
211.479,50
211.501,50
211.528,50
211.575,51
211.618,50
211.64,50
211.696,50
211.716,50
211.748,50
211.772,50
211.808,50
211.846,50
211.89,50
211.919,50
211.948,50
211.976,51
212.016,50
212.042,50
212.088,50
212.116,50
212.153,50
212.195,52
212.25,50
212.269,50
212.29,50
212.321,50
212.364,50
212.396,50
212.428,50
212.462,51
212.503,50
212.533,50
212.57,50
212.603,51
212.643,50
212.665,50
212.71,50
212.739,50
212.773,50
212.8,51
212.843,51
212.866,50
212.907,50
212.943,50
212.988,50
213.011,50
213.06,50
213.085,50
213.113,50
213.142,50
213.183,51
213.211,50
213.252,50
213.279,50
213.312,51
213.355,50
213.403,50
213.425,50
213.458,50
213.486,50
213.524,50
213.559,50
213.589,50
213.632,50
213.665,50
213.689,50
213.746,50
213.763,50
213.801,51
213.823,50
213.864,50
213.897,50
213.931,50
213.96,50
214,50
214.03,50
214.069,50
214.098,50
214.14,50
214.168,50
214.206,50
214.239,50
214.273,50
214.301,50
214.341,50
214.377,50
214.419,50
214.445,52
214.473,50
214.508,50
214.554,51
214.58,50
214.616,50
214.654,50
214.693,50
214.721,50
214.828,50
214.844,51
214.882,51
214.927,50
214.966,50
214.995,50
215.02,50
215.048,50
215.085,50
215.122,50
215.157,50
215.184,50
215.218,50
215.26,50
215.301,50
215.323,51
215.37,50
215.394,50
215.436,50
215.464,50
215.509,50
215.533,50
215.567,51
215.602,50
215.638,50
215.669,50
215.738,50
215.775,50
215.804,50
215.828,51
215.877,50
215.903,50
215.937,50
215.967,50
216.003,50
216.037,50
216.071,50
216.11,50
216.14,50
216.17,50
216.206,50
216.236,50
216.282,50
216.312,50
216.344,50
216.374,50
216.419,50
216.446,50
216.482,50
216.52,50
216.571,50
216.596,50
216.618,50
216.659,50
216.7,50
216.725,50
216.758,50
216.793,50
216.829,50
216.859,50
216.9,50
216.927,50
216.96,50
216.998,50
217.039,51
217.065,50
217.1,50
217.133,50
217.176,50
217.211,50
217.247,50
217.272,50
217.318,50
217.348,50
217.377,50
217.408,50
217.45,50
217.482,50
217.517,50
217.547,50
217.583,50
217.616,50
217.669,50
217.684,51
217.722,50
217.757,50
217.787,50
217.823,50
217.859,50
217.891,50
217.927,50
217.964,51
217.993,50
218.027,50
218.065,50
218.094,50
218.13,50
218.167,51
218.22,50
218.235,50
218.264,50
218.298,50
218.343,50
218.371,50
218.4,50
218.438,50
218.476,50
218.507,50
218.546,51
218.574,50
218.622,50
218.65,50
218.695,50
218.813,50
218.854,51
218.878,50
218.923,50
218.96,50
218.99,50
219.017,50
219.059,50
219.094,50
219.131,50
219.157,51
219.196,50
219.219,50
219.262,50
219.294,50
219.337,50
219.358,50
219.391,50
219.431,50
219.466,50
219.498,50
219.53,50
219.561,50
219.609,50
219.634,50
219.675,50
219.71,50
219.751,50
219.774,50
219.809,50
219.844,50
219.883,50
219.913,51
219.946,50
219.985,50
220.018,50
220.05,50
220.09,50
220.124,50
220.162,51
220.191,50
220.225,50
220.256,50
220.297,50
220.324,50
220.364,51
220.395,50
220.425,50
220.459,50
220.502,50
220.534,50
220.564,50
220.596,52
220.639,50
220.663,50
220.696,50
220.733,50
220.77,50
220.803,50
220.833,50
220.878,50
220.921,50
220.946,50
220.975,50
221.011,51
221.047,50
221.076,50
221.111,50
221.142,52
221.185,50
221.222,50
221.255,50
221.284,50
221.319,50
221.359,50
221.396,50
221.424,50
221.454,50
221.494,50
221.549,50
221.584,50
221.603,50
221.627,50
221.668,50
221.698,50
221.73,50
221.766,50
221.814,50
221.848,50
221.878,50
221.903,50
221.944,50
221.972,51
222.009,50
222.042,50
222.084,50
222.11,50
222.143,50
222.174,50
222.212,50
222.244,50
222.282,50
222.31,50
222.356,50
222.396,50
222.43,51
222.448,50
222.497,50
222.533,50
222.56,50
222.589,50
222.628,50
222.656,50
222.696,50
222.724,50
222.756,50
222.799,50
222.836,50
222.867,50
222.901,50
222.93,50
222.972,50
223.006,50
223.04,50
223.072,50
223.111,50
223.149,50
223.179,50
223.208,50
223.248,50
223.276,50
223.314,50
223.344,50
223.382,50
223.417,50
223.457,50
223.484,50
223.521,50
223.556,50
223.608,50
223.625,50
223.657,50
223.69,50
223.728,50
223.755,50
223.803,50
223.835,50
223.88,50
223.895,50
223.928,50
223.965,50
224.004,50
224.034,50
224.077,50
224.115,50
224.139,50
224.2,50
224.234,50
224.257,50
224.284,50
224.316,50
224.351,50
224.382,50
224.425,50
224.46,50
224.499,50
224.526,50
224.561,50
224.588,50
224.628,50
224.658,50
224.692,50
224.722,50
224.769,50
224.796,50
224.828,50
224.859,50
224.904,50
224.935,50
224.967,50
224.999,50
225.034,50
225.065,50
225.107,50
225.143,50
225.176,50
225.224,50
225.257,50
225.295,50
225.321,50
225.342,50
225.385,50
225.413,50
225.452,51
225.485,50
225.517,50
225.548,50
225.591,50
225.621,50
225.665,50
225.701,50
225.736,50
225.761,50
225.794,50
225.826,50
225.86,50
225.898,50
225.937,50
225.964,50
226,50
226.031,50
226.075,50
226.108,50
226.141,50
226.175,50
226.209,50
226.244,50
226.277,50
226.308,50
226.344,50
226.381,51
226.417,50
226.448,50
226.492,50
226.522,50
226.571,50
226.6,50
226.621,50
226.651,50
226.708,50
226.729,50
226.764,50
226.79,50
226.84,50
226.881,50
226.902,51
226.926,50
226.971,50
226.999,50
227.138,50
227.172,50
227.216,50
227.234,50
227.268,50
227.303,51
227.34,50
227.375,50
227.408,50
227.438,50
227.479,50
227.506,51
227.546,50
227.573,50
227.621,50
227.654,50
227.709,50
227.723,50
227.752,50
227.783,50
227.82,50
227.847,50
227.886,50
227.924,50
227.972,50
227.992,50
228.021,50
228.051,50
228.092,50
228.122,50
228.158,50
228.192,50
228.248,50
228.268,50
228.295,50
228.327,50
228.365,50
228.395,50
228.437,50
228.473,50
228.52,50
228.547,50
228.572,50
228.606,50
228.639,50
228.669,51
228.719,50
228.757,50
228.788,50
228.813,50
228.849,50
228.875,50
228.907,50
228.955,50
228.993,50
229.018,50
229.046,50
229.084,50
229.129,50
229.151,50
229.184,50
229.215,50
229.262,50
229.287,50
229.328,50
229.363,50
229.396,50
229.425,50
229.463,51
229.488,50
229.529,50
229.564,50
229.605,50
229.634,50
229.663,50
229.695,50
229.731,50
229.767,50
229.807,50
229.84,50
229.878,50
229.899,50
229.938,50
229.969,50
230.02,50
230.047,50
230.145,50
230.166,50
230.202,50
230.231,50
230.264,50
230.3,50
230.341,50
230.367,50
230.405,50
230.445,51
230.483,50
230.506,50
230.548,50
230.571,50
230.612,50
230.643,50
230.683,50
230.71,50
230.76,50
230.788,50
230.831,50
230.852,50
230.881,50
230.914,50
230.956,50
230.986,50
231.021,50
231.055,50
231.094,50
231.125,51
231.159,50
231.189,50
231.239,50
231.277,50
231.31,50
231.336,50
231.373,50
231.396,50
231.442,50
231.481,50
231.508,50
231.536,50
231.571,50
231.607,50
231.643,50
231.669,50
231.704,50
231.736,50
231.78,50
231.81,50
231.849,50
231.874,50
231.917,50
231.953,50
231.991,50
232.018,50
232.054,50
232.084,50
232.122,50
232.152,50
232.184,50
232.217,50
232.258,50
232.292,50
232.332,50
232.356,50
232.398,50
232.429,50
232.47,50
232.504,50
232.537,50
232.562,50
232.604,50
232.633,50
232.663,50
232.696,50
232.813,50
232.838,50
232.874,50
232.901,50
232.945,50
232.977,50
233.015,50
233.043,50
233.087,50
233.122,51
233.157,50
233.185,50
233.222,50
233.247,50
233.294,50
233.327,50
233.366,50
233.389,50
233.427,50
233.458,50
233.504,50
233.528,50
233.563,50
233.595,50
233.639,50
233.663,50
233.705,50
233.745,50
233.779,50
233.804,50
233.833,50
233.865,50
233.909,50
233.936,50
233.971,50
234.004,50
234.041,50
234.071,50
234.112,50
234.139,50
234.174,50
234.211,50
234.25,50
234.278,50
234.316,50
234.343,50
234.381,50
234.415,50
234.453,50
234.486,50
234.527,50
234.551,50
234.601,50
234.647,50
234.68,50
234.698,50
234.73,50
234.759,50
234.796,50
234.833,50
234.875,50
234.905,50
234.936,50
234.964,50
235.007,50
235.035,50
235.075,50
235.104,50
235.144,50
235.172,50
235.211,50
235.239,50
235.279,50
235.307,50
235.345,50
235.373,50
235.426,50
235.457,50
235.495,50
235.517,51
235.553,50
235.586,51
235.62,50
235.652,50
235.698,50
235.723,50
235.771,50
235.802,50
235.841,50
235.868,50
235.906,50
235.931,50
235.965,51
235.997,50
236.036,50
236.078,50
236.121,50
236.148,50
236.191,50
236.214,50
236.264,51
236.29,50
236.32,50
236.349,50
236.387,50
236.421,52
236.456,51
236.485,50
236.521,51
236.563,50
236.597,50
236.626,51
236.672,51
236.702,50
236.747,50
236.766,50
236.806,50
236.837,50
236.874,51
236.907,50
237.022,50
237.041,50
237.076,51
237.103,50
237.144,50
237.174,50
237.218,51
237.244,51
237.279,50
237.309,50
237.344,50
237.372,50
237.426,50
237.456,50
237.499,50
237.518,50
237.551,50
237.574,50
237.608,50
237.643,50
237.678,50
237.711,50
237.749,50
237.78,50
237.935,86
237.964,50
237.996,50
238.025,50
238.06,52
238.091,50
238.131,51
238.162,50
238.196,50
238.23,50
238.269,50
238.297,50
238.335,50
238.37,50
238.412,50
238.442,50
238.474,50
238.504,50
238.548,50
238.571,50
238.604,50
238.64,50
238.762,50
238.788,50
238.826,50
238.858,50
238.902,50
238.93,50
238.964,50
239,50
239.042,50
239.069,50
239.109,50
239.136,50
239.172,50
239.201,50
239.248,50
239.279,50
239.311,51
239.341,50
239.378,50
239.407,50
239.45,50
239.479,50
239.512,50
239.545,50
239.577,50
239.608,50
239.644,50
239.682,50
239.72,50
239.759,50
239.815,50
239.84,50
239.853,50
239.888,50
239.925,50
239.956,50
239.989,50
240.026,50
240.071,50
240.1,50
240.134,51
240.161,50
240.199,50
240.231,50
240.272,50
240.297,50
240.33,50
240.369,50
240.405,50
240.434,50
240.469,50
240.514,50
240.623,50
240.641,50
240.668,50
240.701,50
240.744,50
240.773,50
240.808,50
240.839,51
240.887,50
240.917,50
240.951,50
240.979,50
241.02,50
241.043,50
241.083,50
241.12,50
241.168,50
241.197,50
241.225,50
241.253,50
241.287,50
241.316,50
241.36,50
241.397,50
241.434,50
241.47,50
241.5,50
241.525,50
241.582,50
241.603,50
241.637,50
241.662,50
241.7,50
241.736,50
241.779,50
241.806,50
241.843,50
241.87,50
241.911,50
241.941,50
241.972,50
242.015,50
242.049,50
242.083,50
242.109,50
242.142,50
242.181,50
242.213,50
242.247,50
242.276,50
242.311,50
242.346,50
242.385,50
242.414,50
242.449,50
242.482,50
242.522,50
242.558,50
242.595,50
242.628,50
242.66,50
242.692,50
242.727,50
242.756,50
242.805,50
242.833,50
242.88,50
242.897,50
242.946,50
242.975,50
243.005,50
243.036,50
243.073,50
243.103,50
243.145,50
243.183,50
243.211,50
243.244,50
243.287,50
243.312,50
243.35,50
243.466,50
243.508,50
243.53,50
243.567,50
243.602,50
243.637,50
243.667,50
243.705,50
243.737,50
243.777,50
243.807,50
243.847,50
243.87,50
243.919,50
243.949,50
243.985,50
244.01,50
244.044,50
244.079,50
244.115,50
244.149,50
244.196,50
244.221,50
244.252,50
244.295,51
244.327,50
244.357,50
244.392,50
244.421,50
244.457,50
244.489,50
244.528,50
244.555,50
244.593,50
244.627,50
244.663,50
244.697,50
244.752,50
244.773,50
244.8,50
244.824,50
244.864,50
244.898,50
244.936,50
244.963,50
245.015,50
245.039,50
245.085,50
245.11,50
245.148,50
245.175,50
245.232,50
245.246,50
245.285,51
245.326,50
245.347,50
245.378,50
245.413,50
245.447,50
245.478,50
245.51,50
245.552,50
245.582,50
245.616,50
245.646,50
245.689,50
245.719,50
245.754,50
245.782,50
245.825,50
245.847,50
245.892,50
245.918,50
245.967,50
245.997,50
246.039,50
246.064,51
246.1,51
246.122,50
246.165,50
246.195,50
246.234,50
246.259,50
246.299,50
246.339,50
246.373,50
246.397,50
246.434,50
246.467,50
246.506,50
246.54,50
246.587,50
246.607,50
246.645,50
246.676,50
246.713,50
246.743,50
246.776,50
246.811,51
246.866,50
246.883,50
246.924,50
246.954,50
246.986,50
247.016,50
247.058,50
247.084,50
247.12,50
247.149,50
247.188,50
247.22,50
247.259,51
247.285,50
247.332,50
247.375,50
247.404,50
247.428,50
247.466,50
247.494,50
247.534,50
247.565,50
247.613,50
247.639,50
247.688,50
247.705,50
247.741,50
247.766,50
247.8,50
247.838,50
247.877,50
247.905,50
247.952,50
247.979,51
248.011,51
248.047,50
248.083,50
248.118,50
248.151,50
248.184,50
248.219,50
248.251,50
248.292,50
248.323,51
248.357,50
248.402,50
248.431,50
248.455,51
248.511,50
248.533,50
248.59,50
248.611,50
248.634,50
248.669,50
248.699,50
248.731,50
248.774,50
248.795,50
248.838,50
248.871,50
248.902,50
248.935,50
248.976,50
249.006,50
249.051,50
249.07,50
249.109,50
249.152,50
249.192,50
249.213,50
249.245,50
249.282,50
249.321,50
249.348,50
249.386,50
249.432,50
249.459,50
249.486,50
249.52,50
249.554,50
249.591,50
249.619,50
249.661,50
249.691,50
249.724,50
249.762,50
249.801,50
249.828,50
249.864,50
249.895,50
249.943,50
249.976,50
250.009,50
250.035,50
250.088,50
250.112,50
250.14,50
250.168,50
250.21,50
250.239,50
250.279,50
250.308,50
250.345,50
250.379,50
250.424,50
250.451,50
250.482,50
250.509,50
250.553,50
250.581,50
250.62,50
250.649,50
250.689,50
250.714,50
250.755,50
250.786,50
250.827,50
250.858,50
250.916,50
250.931,50
250.963,50
250.992,50
251.027,50
251.059,50
251.098,50
251.127,50
251.164,50
251.262,50
251.298,50
251.328,50
251.37,50
251.411,50
251.442,50
251.47,50
251.5,50
251.55,50
251.585,50
251.605,50
251.64,50
251.671,50
251.707,50
251.739,50
251.778,50
251.81,50
251.852,50
251.875,50
251.917,50
251.953,50
251.989,50
252.021,50
252.058,50
252.087,50
252.123,50
252.155,50
252.198,50
252.22,50
252.258,50
252.292,50
252.331,50
252.357,50
252.403,50
252.429,50
252.468,50
252.493,50
252.532,50
252.567,50
252.66,50
252.69,50
252.732,50
252.754,50
252.788,50
252.827,50
252.871,50
252.905,50
252.922,50
252.959,50
252.998,50
253.028,50
253.073,50
253.102,50
253.149,50
253.174,50
253.201,50
253.231,50
253.272,50
253.303,50
253.342,50
253.376,50
253.417,50
253.439,50
253.478,50
253.514,50
253.566,50
253.592,50
253.625,50
253.651,50
253.682,50
253.718,50
253.764,50
253.792,50
253.821,50
253.848,50
253.888,50
253.916,50
253.957,51
253.988,50
254.031,50
254.07,50
254.105,50
254.129,50
254.161,50
254.194,50
254.232,50
254.266,50
254.303,50
254.331,50
254.366,50
254.399,50
254.449,50
254.482,50
254.516,50
254.541,50
254.577,50
254.61,50
254.642,50
254.682,50
254.713,50
254.743,50
254.784,50
254.811,50
254.844,50
254.88,50
254.928,50
254.949,50
254.987,50
255.032,50
255.057,50
255.088,50
255.123,50
255.155,50
255.194,50
255.223,50
255.261,50
255.295,50
255.334,50
255.358,50
255.393,50
255.433,50
255.467,50
255.497,50
255.532,50
255.562,50
255.609,50
255.635,50
255.683,50
255.705,50
255.755,50
255.784,50
255.824,50
255.93,50
255.966,50
255.999,50
256.043,50
256.071,50
256.119,50
256.134,50
256.175,50
256.205,50
256.237,50
256.269,50
256.309,50
256.341,50
256.375,50
256.404,50
256.46,50
256.491,50
256.524,50
256.549,50
256.586,50
256.609,50
256.652,50
256.68,51
256.717,50
256.746,50
256.79,50
256.841,50
256.872,50
256.886,50
256.927,50
256.948,50
256.991,50
257.029,50
257.074,50
257.093,50
257.126,50
257.159,50
257.2,50
257.225,50
257.264,51
257.289,50
257.333,50
257.364,50
257.398,50
257.429,50
257.479,50
257.505,50
257.539,50
257.567,50
257.607,50
257.643,50
257.671,50
257.703,50
257.742,50
257.767,50
257.816,50
257.84,50
257.88,50
257.906,50
257.945,50
257.976,50
258.014,50
258.042,50
258.08,51
258.112,50
258.149,50
258.179,50
258.22,50
258.252,50
258.288,50
258.317,50
258.354,50
258.383,50
258.424,50
258.463,50
258.498,50
258.521,50
258.557,50
258.587,50
258.631,50
258.66,50
258.697,50
258.728,50
258.771,50
258.804,50
258.847,50
258.867,50
258.903,50
258.937,50
258.975,50
259,50
259.036,50
259.068,50
259.118,50
259.146,50
259.179,50
259.207,50
259.248,50
259.277,50
259.317,50
259.344,50
259.381,50
259.415,50
259.458,50
259.495,50
259.528,50
259.549,50
259.588,50
259.618,50
259.661,50
259.687,50
259.727,50
259.759,50
259.799,50
259.82,50
259.869,50
259.89,50
259.932,50
259.959,50
260.002,50
260.023,50
260.066,50
260.097,50
260.14,50
260.163,50
260.203,50
260.229,50
260.27,50
260.302,50
260.339,50
260.367,50
260.407,50
260.441,50
260.474,50
260.506,50
260.54,50
260.575,50
260.611,50
260.642,50
260.681,50
260.71,50
260.745,50
260.781,50
260.82,50
260.848,50
260.893,50
260.919,50
260.965,50
261.001,50
261.04,50
261.062,50
261.094,50
261.124,50
261.161,50
261.193,50
261.237,50
261.272,50
261.306,50
261.333,50
261.363,50
261.4,50
261.437,50
261.468,50
261.5,50
261.534,50
261.582,50
261.611,50
261.651,50
261.671,50
261.715,50
261.745,50
261.777,50
261.809,50
261.851,50
261.873,50
261.918,50
261.949,50
261.994,50
262.022,50
262.068,50
262.09,50
262.118,50
262.15,50
262.184,50
262.224,50
262.258,50
262.287,50
262.323,50
262.364,50
262.394,50
262.427,50
262.462,50
262.493,50
262.538,50
262.576,50
262.607,50
262.631,50
262.664,50
262.694,50
262.74,50
262.768,50
262.803,50
262.834,50
262.874,50
262.907,50
262.941,50
262.974,50
263.014,50
263.052,50
263.085,50
263.11,50
263.144,50
263.177,50
263.219,50
263.249,50
263.282,50
263.315,50
263.355,50
263.388,50
263.426,50
263.458,50
263.485,50
263.52,50
263.572,50
263.591,50
263.622,50
263.655,50
263.689,50
263.73,50
263.766,50
263.794,50
263.827,50
263.865,50
263.905,50
263.932,50
263.974,50
264.002,50
264.043,50
264.072,50
264.108,50
264.138,50
264.174,50
264.214,50
264.251,50
264.281,50
264.32,50
264.35,50
264.394,50
264.423,50
264.46,50
264.489,50
264.53,50
264.562,50
264.597,50
264.629,50
264.671,50
264.698,50
264.735,50
264.766,51
264.811,50
264.838,50
264.871,50
264.907,50
264.942,50
264.972,50
265.016,50
265.044,50
265.084,50
265.119,50
265.148,50
265.18,50
265.222,50
265.255,50
265.288,50
265.322,50
265.361,50
265.393,50
265.429,50
265.459,50
265.495,50
265.537,50
265.579,50
265.612,50
265.64,50
265.666,50
265.706,50
265.743,50
265.778,51
265.809,50
265.841,50
265.873,50
265.92,50
265.952,50
265.989,50
266.013,50
266.055,50
266.09,50
266.142,50
266.164,50
266.19,50
266.228,50
266.264,50
266.293,50
266.326,50
266.36,50
266.399,50
266.43,50
266.464,50
266.506,50
266.545,50
266.576,50
266.613,50
266.638,50
266.672,50
266.716,50
266.76,50
266.785,50
266.816,50
266.843,50
266.9,50
266.924,50
266.964,50
266.99,50
267.108,50
267.135,50
267.166,50
267.196,50
267.238,50
267.264,50
267.312,50
267.361,50
267.387,50
267.412,50
267.446,50
267.475,50
267.519,50
267.551,51
267.581,50
267.616,50
267.657,50
267.693,50
267.724,50
267.746,50
267.789,50
267.818,50
267.855,50
267.893,50
267.932,50
267.962,50
267.997,51
268.025,50
268.059,50
268.091,50
268.138,50
268.165,50
268.201,50
268.241,50
268.271,50
268.309,50
268.344,50
268.374,51
268.407,50
268.439,50
268.491,50
268.53,50
268.554,50
268.58,50
268.623,50
268.65,50
268.685,50
268.716,50
268.758,51
268.79,50
268.827,50
268.855,50
268.89,50
268.924,50
268.963,50
268.995,50
269.03,50
269.062,50
269.093,50
269.138,50
269.187,50
269.207,51
269.234,50
269.272,50
269.309,50
269.341,50
269.391,50
269.406,50
269.448,50
269.481,50
269.513,50
269.543,50
269.581,50
269.617,50
269.651,50
269.681,50
269.72,50
269.747,50
269.792,50
269.822,50
269.857,50
269.888,50
269.939,50
269.974,50
270.005,50
270.027,50
270.069,50
270.094,50
270.132,50
270.165,50
270.205,50
270.231,50
270.272,50
270.308,50
270.353,50
270.381,50
270.434,50
270.45,50
270.477,50
270.51,50
270.549,50
270.578,50
270.62,50
270.648,50
270.69,50
270.715,50
270.747,50
270.785,50
270.83,50
270.855,50
270.89,50
270.927,50
270.966,50
270.994,50
271.03,50
271.066,50
271.106,50
271.135,50
271.166,50
271.2,50
271.245,50
271.293,50
271.318,50
271.356,50
271.389,50
271.413,50
271.45,50
271.479,50
271.612,50
271.649,50
271.687,50
271.714,50
271.749,50
271.782,50
271.818,50
271.855,50
271.89,50
271.922,50
271.962,50
271.986,50
272.028,50
272.06,50
272.101,50
272.127,50
272.166,50
272.208,50
272.248,50
272.274,50
272.306,50
272.335,50
272.378,50
272.405,50
272.441,50
272.48,50
272.519,50
272.545,50
272.582,50
272.61,50
272.651,50
272.686,50
272.721,50
272.756,50
272.796,50
272.823,50
272.865,50
272.893,50
272.922,50
272.963,50
273.005,50
273.033,50
273.066,50
273.095,50
273.138,50
273.161,50
273.202,50
273.238,50
273.279,50
273.304,50
273.338,50
273.373,50
273.418,50
273.441,50
273.484,50
273.516,50
273.558,51
273.596,50
273.62,50
273.652,50
273.691,50
273.72,50
273.756,50
273.793,50
273.828,50
273.86,50
273.897,50
273.922,51
273.96,50
273.996,50
274.036,50
274.067,50
274.099,50
274.133,50
274.177,50
274.204,50
274.254,50
274.285,50
274.319,50
274.343,50
274.377,50
274.408,51
274.452,50
274.475,50
274.517,50
274.553,50
274.59,50
274.616,50
274.657,50
274.701,50
274.723,50
274.753,50
274.804,50
274.842,50
274.87,50
274.899,50
274.929,50
274.962,50
274.997,50
275.032,50
275.068,50
275.116,50
275.147,50
275.191,50
275.221,50
275.244,50
275.275,50
275.311,50
275.354,50
275.382,50
275.425,50
275.445,50
275.482,50
275.535,50
275.554,50
275.593,50
275.635,50
275.661,50
275.695,50
275.723,50
275.763,50
275.79,50
275.836,50
275.862,50
275.975,50
276.014,50
276.055,50
276.071,50
276.099,50
276.131,51
276.174,50
276.204,50
276.24,50
276.275,50
276.32,50
276.344,50
276.38,50
276.411,50
276.451,50
276.477,50
276.515,50
276.551,50
276.587,50
276.635,50
276.66,50
276.708,50
276.732,50
276.754,50
276.795,50
276.822,50
276.869,50
276.895,50
276.929,51
276.962,50
277.01,50
277.044,51
277.092,51
277.104,50
277.133,50
277.168,50
277.212,50
277.246,50
277.286,50
277.314,51
277.345,50
277.383,50
277.413,50
277.446,50
277.486,50
277.512,50
277.554,50
277.585,50
277.628,51
277.666,50
277.69,50
277.726,50
277.766,50
277.79,50
277.832,50
277.864,50
277.91,50
277.936,50
277.973,50
277.997,50
278.041,50
278.072,50
278.116,50
278.144,50
278.18,50
278.211,50
278.256,50
278.279,50
278.319,50
278.355,50
278.391,50
278.417,50
278.451,50
278.484,50
278.53,50
278.563,50
278.6,50
278.636,50
278.667,50
278.697,50
278.732,50
278.766,50
