1,1
2,2
3,3
4,4
5,5
6,6
7,7
8,8
9,9
10,10
11,11
12,12
13,13
14,14
15,15
16,16
17,17
18,18
19,19
20,20
21,21
22,23
23,24
24,25
25,26
26,27
27,28
28,29
29,30
30,31
31,32
32,33
33,34
34,35
35,36
36,37
37,38
38,39
39,40
40,41
41,42
42,43
43,44
44,45
45,46
46,47
47,48
48,49
49,50
50,51
51,52
52,53
53,54
54,55
55,56
56,57
57,58
58,59
59,60
60,61
61,62
62,63
63,64
64,65
65,66
66,67
67,68
68,70
69,73
70,76
71,78
72,79
73,80
74,82
75,83
76,84
77,85
78,86
79,88
80,91
81,94
82,95
83,96
84,97
85,98
86,99
87,101
88,104
89,105
90,106
91,107
92,108
93,109
94,110
95,111
96,112
97,113
98,114
99,115
100,116
101,117
102,118
103,119
104,120
105,121
106,122
107,123
108,124
109,125
110,126
111,127
112,128
113,129
114,130
115,131
116,132
117,134
118,136
119,138
120,139
121,140
122,141
123,142
124,143
125,144
126,145
127,146
128,147
129,148
130,149
131,150
132,151
133,152
134,153
135,154
136,155
137,156
138,157
139,158
140,159
141,160
142,161
143,162
144,163
145,164
146,165
147,166
148,167
149,168
150,169
151,170
152,171
153,172
154,173
155,174
156,175
157,176
158,177
159,178
160,179
161,180
162,181
163,182
164,183
165,184
166,185
167,186
168,187
169,188
170,189
171,191
172,192
173,193
174,194
175,195
176,196
177,197
178,197
179,198
180,199
181,200
182,201
183,202
184,203
185,204
186,205
187,206
188,207
189,208
190,209
191,210
192,211
193,212
194,213
