1,0.0117893
2,0.049434
3,0.0973184
4,0.0905736
5,0.137248
6,0.179643
7,0.256784
8,0.223927
9,0.284366
10,0.251205
11,0.362784
12,0.53502
13,0.528534
14,0.472986
15,0.575375
16,0.585118
17,0.677339
18,0.621794
19,0.706044
20,0.733897
21,1.37475
22,0.878495
23,0.484084
24,0.490041
25,0.5401
26,0.592785
27,0.5766
28,0.525253
29,0.528938
30,0.41668
31,0.40151
32,0.428255
33,0.359249
34,0.417645
35,0.475935
36,0.477242
37,0.483615
38,0.428198
39,0.400438
40,0.467786
41,0.505044
42,0.496345
43,0.479738
44,0.444151
45,0.361113
46,0.405298
47,1.14262
48,0.527739
49,0.533945
50,0.513072
51,0.582184
52,0.488751
53,0.484749
54,0.426573
55,0.588077
56,0.349559
57,0.314356
58,0.560277
59,0.528237
60,0.502799
61,0.418315
62,0.55668
63,0.398225
64,0.391146
65,0.713892
66,0.748235
67,0.888498
68,1.2519
69,2.09047
70,2.1029
71,1.28314
72,1.12495
73,0.820385
74,1.17994
75,0.642025
76,0.72972
77,0.663577
78,0.700005
79,3.49228
80,1.6403
81,1.83172
82,0.630758
83,0.696815
84,1.55387
85,0.855636
86,0.960152
87,1.45933
88,2.27863
89,0.812881
90,0.729037
91,0.632231
92,0.563563
93,0.721362
94,0.679651
95,0.738202
96,0.737434
97,0.700595
98,0.721807
99,0.710477
100,0.555002
101,0.560162
102,0.835642
103,0.763915
104,0.922776
105,0.901611
106,0.88541
107,0.80149
108,1.03613
109,1.00282
110,1.15337
111,1.09408
112,1.09636
113,0.989534
114,0.934407
115,1.21672
116,0.941447
117,1.24928
118,1.02488
119,0.843522
120,0.533666
121,0.521781
122,0.62422
123,0.645816
124,0.508325
125,0.467132
126,0.510551
127,0.578079
128,0.56032
129,0.549588
130,0.551482
131,0.554976
132,0.587039
133,0.555734
134,0.611994
135,0.763412
136,0.479697
137,0.435794
138,0.490334
139,0.68402
140,0.681477
141,0.671656
142,0.761636
143,0.694048
144,0.492701
145,0.687939
146,0.458959
147,0.518633
148,0.479598
149,0.479568
150,0.599273
151,0.581052
152,0.578303
153,0.446829
154,0.549412
155,0.504575
156,0.619427
157,0.521327
158,0.606979
159,0.676053
160,0.799818
161,0.435297
162,0.490347
163,0.825681
164,0.814901
165,0.633234
166,0.67181
167,0.948612
168,0.81482
169,0.752698
170,0.767245
171,1.24644
172,0.627967
173,0.634367
174,0.624228
175,0.728964
176,0.723979
177,0.815037
178,0.599876
179,0.555126
180,0.664106
181,0.726242
182,0.641499
183,0.393446
184,0.452882
185,0.779256
186,0.783207
187,0.703461
188,0.750273
189,0.465387
190,0.670513
191,0.480145
192,0.853217
193,0.673694
194,0.645484
