1,1.4558e-05
2,2.411e-06
3,2.065e-06
4,2.471e-06
5,1.777e-06
6,2.258e-06
7,2.293e-06
8,1.897e-06
9,2.253e-06
10,1.938e-06
11,2.105e-06
12,2.585e-06
13,2.675e-06
14,1.94e-06
15,2.595e-06
16,1.997e-06
17,2.613e-06
18,2.397e-06
19,2.387e-06
20,2.654e-06
21,2.307e-06
22,2.226e-06
23,2.11e-06
24,2.53e-06
25,2.648e-06
26,1.986e-06
27,2.576e-06
28,2.151e-06
29,2.522e-06
30,2.089e-06
31,2.584e-06
32,2.02e-06
33,2.73e-06
34,1.783e-06
35,2.337e-06
36,1.571e-06
37,2.276e-06
38,2.444e-06
39,1.977e-06
40,1.91e-06
41,1.781e-06
42,2.846e-06
43,1.864e-06
44,2.343e-06
45,1.796e-06
46,2.824e-06
47,2.392e-06
48,2.184e-06
49,2.727e-06
50,2.27e-06
51,2.574e-06
52,2.411e-06
53,1.904e-06
54,2.514e-06
55,2.35e-06
56,2.814e-06
57,2.453e-06
58,1.713e-06
59,2.343e-06
60,2.702e-06
61,2.324e-06
62,2.438e-06
63,2.335e-06
64,3.049e-06
65,2.712e-06
66,2.9e-06
67,1.565e-06
68,2.36e-06
69,2.491e-06
70,2.577e-06
71,2.632e-06
72,2.31e-06
73,2.743e-06
74,1.961e-06
75,2.53e-06
76,2.093e-06
77,2.248e-06
78,2.317e-06
79,1.967e-06
80,2.342e-06
81,2.396e-06
82,2.417e-06
83,2.687e-06
84,1.852e-06
85,2.395e-06
86,2.761e-06
87,1.971e-06
88,1.879e-06
89,2.388e-06
90,1.852e-06
91,2.638e-06
92,2.329e-06
93,2.411e-06
94,2.408e-06
95,2.298e-06
96,2.065e-06
97,2.366e-06
98,2.348e-06
99,2.345e-06
100,2.603e-06
101,2.425e-06
102,1.556e-06
103,1.582e-06
104,9.18e-07
105,2.813e-06
106,1.956e-06
107,2.678e-06
108,1.898e-06
109,2.285e-06
110,1.947e-06
111,2.809e-06
112,2.252e-06
113,2.401e-06
114,2.435e-06
115,1.917e-06
116,1.891e-06
117,1.991e-06
118,1.578e-06
119,2.26e-06
120,1.722e-06
121,2.31e-06
122,2.539e-06
123,2.235e-06
124,2.166e-06
125,2.262e-06
126,2.453e-06
127,1.635e-06
128,2.424e-06
129,2.431e-06
130,6.887e-06
131,1.944e-06
132,2.214e-06
133,2.75e-06
134,2.685e-06
135,2.277e-06
136,2.353e-06
137,2.458e-06
138,2.497e-06
139,2.117e-06
140,2.498e-06
141,1.864e-06
142,2.33e-06
143,2.438e-06
144,2.386e-06
145,2.687e-06
146,2.411e-06
147,2.3402e-05
148,2.105e-06
149,2.655e-06
150,2.307e-06
151,2.638e-06
152,2.954e-06
153,2.511e-06
154,2.161e-06
155,2.479e-06
156,2.679e-06
157,2.816e-06
158,2.613e-06
159,2.343e-06
160,2.075e-06
161,3.118e-06
162,1.894e-06
163,2.754e-06
164,2.525e-06
165,2.661e-06
166,2.524e-06
167,2.776e-06
168,2.442e-06
169,2.583e-06
170,2.011e-06
171,1.797e-06
172,2.318e-06
173,2.226e-06
174,1.784e-06
175,1.957e-06
176,1.075e-06
177,1.425e-06
178,2.287e-06
179,2.129e-06
180,2.272e-06
181,2.187e-06
182,2.353e-06
183,2.145e-06
184,2.578e-06
185,2.282e-06
186,2.273e-06
187,2.636e-06
188,1.771e-06
189,2.204e-06
190,1.289e-06
191,2.195e-06
192,1.031e-06
193,2.552e-06
194,1.997e-06
195,2.288e-06
196,2.884e-06
197,2.533e-06
198,2.026e-06
199,2.331e-06
200,1.928e-06
201,2.141e-06
202,1.779e-06
203,2.968e-06
204,1.819e-06
205,3.215e-06
206,1.619e-06
207,2.348e-06
208,2.183e-06
209,2.203e-06
210,1.096e-06
211,2.667e-06
212,1.311e-06
213,1.523e-06
214,2.443e-06
215,2.377e-06
216,2.225e-06
217,2.087e-06
218,2.186e-06
219,1.924e-06
220,2.519e-06
221,2.108e-06
222,2.519e-06
223,2.338e-06
224,2.645e-06
225,3.22e-06
226,3.19e-06
227,3.069e-06
228,3.996e-06
229,2.497e-06
230,2.371e-06
231,3.05e-06
232,2.326e-06
233,2.435e-06
234,2.602e-06
235,1.77e-06
236,2.753e-06
237,2.126e-06
238,1.914e-06
239,2.35e-06
240,1.853e-06
241,2.666e-06
242,2.43e-06
243,2.425e-06
244,2.018e-06
245,2.543e-06
246,1.882e-06
247,1.971e-06
248,1.82e-06
249,1.654e-06
250,1.902e-06
251,2.656e-06
252,1.981e-06
253,1.379e-06
254,2.335e-06
255,2.507e-06
256,1.345e-06
257,1.799e-06
258,2.377e-06
259,3.331e-06
260,2.776e-06
261,2.849e-06
262,1.975e-06
263,2.465e-06
264,2.95e-06
265,2.337e-06
266,1.515e-06
267,1.813e-06
268,1.841e-06
269,2.454e-06
270,1.807e-06
271,2.248e-06
272,2.396e-06
273,1.913e-06
274,2.625e-06
275,2.698e-06
276,2.976e-06
277,2.271e-06
278,1.893e-06
279,2.377e-06
280,2.132e-06
281,2.207e-06
282,2.145e-06
283,1.994e-06
284,2.26e-06
285,2.561e-06
286,2.644e-06
287,2.606e-06
288,2.754e-06
289,2.272e-06
290,2.995e-06
291,2.587e-06
292,2.959e-06
293,2.171e-06
294,2.021e-06
295,2.499e-06
296,2.658e-06
297,2.341e-06
298,2.028e-06
299,2.11e-06
300,2.735e-06
301,2.354e-06
302,2.361e-06
303,2.126e-06
304,2.617e-06
305,2.307e-06
306,2.716e-06
307,2.791e-06
308,2.619e-06
309,2.721e-06
310,2.046e-06
311,2.64e-06
312,2.967e-06
313,2.534e-06
314,2.693e-06
315,2.167e-06
316,1.836e-06
317,1.876e-06
318,1.095e-06
319,2.205e-06
320,2.704e-06
321,1.342e-06
322,1.597e-06
323,2.071e-06
324,2.62e-06
325,2.973e-06
326,2.87e-06
327,2.429e-06
328,2.852e-06
329,2.904e-06
330,2.605e-06
331,1.545e-06
332,2.744e-06
333,2.353e-06
334,2.314e-06
335,1.212e-06
336,1.547e-06
337,3.301e-06
338,2.078e-06
339,2.753e-06
340,2.136e-06
341,2.746e-06
342,2.318e-06
343,2.36e-06
344,2.627e-06
345,2.629e-06
346,2.757e-06
347,2.787e-06
348,2.787e-06
349,2.31e-06
350,2.494e-06
351,2.739e-06
352,2.168e-06
353,2.381e-06
354,2.58e-06
355,2.385e-06
356,2.125e-06
357,2.798e-06
358,2.837e-06
359,2.576e-06
360,2.298e-06
361,2.866e-06
362,2.998e-06
363,2.941e-06
364,2.922e-06
365,2.509e-06
366,2.912e-06
367,2.764e-06
368,2.754e-06
369,2.033e-06
370,3.159e-06
371,2.802e-06
372,2.316e-06
373,2.908e-06
374,2.902e-06
375,2.833e-06
376,2.84e-06
377,1.609e-06
378,1.968e-06
379,2.529e-06
380,2.532e-06
381,1.555e-06
382,2.366e-06
383,2.034e-06
384,2.671e-06
385,1.529e-06
386,4.938e-06
387,8.614e-06
388,8.67e-06
389,4.744e-06
390,9.883e-06
391,9.723e-06
392,9.561e-06
393,1.1288e-05
394,5.254e-06
395,6.268e-06
396,5.053e-06
397,5.831e-06
398,1.2252e-05
399,1.6e-06
400,2.551e-06
401,2.803e-06
402,1.986e-06
403,2.061e-06
404,2.543e-06
405,1.505e-06
406,2.675e-06
407,1.497e-06
408,1.717e-06
409,1.693e-06
410,2.616e-06
411,1.954e-06
412,1.96e-06
413,1.356e-06
414,2.538e-06
415,2.494e-06
416,3.047e-06
417,2.359e-06
418,1.426e-06
419,1.55e-06
420,1.655e-06
421,1.859e-06
422,3.756e-06
423,2.304e-06
424,1.615e-06
425,2.871e-06
426,2.993e-06
427,2.901e-06
428,3.0578e-05
429,2.237e-06
430,2.777e-06
431,2.196e-06
432,2.801e-06
433,2.673e-06
434,2.429e-06
435,2.845e-06
436,2.845e-06
437,2.649e-06
438,3.022e-06
439,2.621e-06
440,3.569e-06
441,3.25e-06
442,3.69e-06
443,3.623e-06
444,3.042e-06
445,3.7e-06
446,3.363e-06
447,3.036e-06
448,2.421e-06
449,2.012e-06
450,2.715e-06
451,2.626e-06
452,2.806e-06
453,2.713e-06
454,2.29e-06
455,2.009e-06
456,2.57e-06
457,1.756e-06
458,2.205e-06
459,2.266e-06
460,2.356e-06
461,2.792e-06
462,1.802e-06
463,1.415e-06
464,2.398e-06
465,2.141e-06
466,1.631e-06
467,5.032e-06
468,1.1365e-05
469,7.59e-06
470,9.336e-06
471,8.056e-06
472,8.966e-06
473,9.926e-06
474,9.177e-06
475,9.373e-06
476,8.071e-06
477,9.181e-06
478,7.932e-06
479,9.349e-06
480,9.095e-06
481,9.663e-06
482,7.756e-06
483,8.112e-06
484,9.177e-06
485,7.278e-06
486,9.552e-06
487,8.748e-06
488,9.641e-06
489,7.76e-06
490,1.0488e-05
491,9.827e-06
492,6.633e-06
493,7.604e-06
494,8.15e-06
495,9.335e-06
496,6.232e-06
497,6.933e-06
498,5.346e-06
499,1.0178e-05
500,6.468e-06
501,7.628e-06
502,7.897e-06
503,1.563e-06
504,2.703e-06
505,2.373e-06
506,2.492e-06
507,2.5e-06
508,2.644e-06
509,2.75e-06
510,2.121e-06
511,3.177e-06
512,2.581e-06
513,2.645e-06
514,2.073e-06
515,2.881e-06
516,2.891e-06
517,2.706e-06
518,2.102e-06
519,2.06e-06
520,3.03e-06
521,2.827e-06
522,2.739e-06
523,2.23e-06
524,2.997e-06
525,2.258e-06
526,2.58e-06
527,3.363e-06
528,2.272e-06
529,2.423e-06
530,2.601e-06
531,2.668e-06
532,3.133e-06
533,2.808e-06
534,3.185e-06
535,2.299e-06
536,2.732e-06
537,2.939e-06
538,2.694e-06
539,1.419e-06
540,2.627e-06
541,2.493e-06
542,2.7e-06
543,2.602e-06
544,2.485e-06
545,1.239e-06
546,2.008e-06
547,1.818e-06
548,1.718e-06
549,2.892e-06
550,1.883e-06
551,2.819e-06
552,2.291e-06
553,2.439e-06
554,2.952e-06
555,2.889e-06
556,1.205e-06
557,2.873e-06
558,2.625e-06
559,1.788e-06
560,1.97e-06
561,2.323e-06
562,2.28e-06
563,1.554e-06
564,1.48e-06
565,2.109e-06
566,1.955e-06
567,2.331e-06
568,2.029e-06
569,2.398e-06
570,1.673e-06
571,2.47e-06
572,1.574e-06
573,2.772e-06
574,2.448e-06
575,1.977e-06
576,3.137e-06
577,2.052e-06
578,3.283e-06
579,2.058e-06
580,1.634e-06
581,1.773e-06
582,1.969e-06
583,2.216e-06
584,2.071e-06
585,1.811e-06
586,2.911e-06
587,3.422e-06
588,3.16e-06
589,2.923e-06
590,2.045e-06
591,3.322e-06
592,2.757e-06
593,2.817e-06
594,2.321e-06
595,1.365e-06
596,1.398e-06
597,2.915e-06
598,1.635e-06
599,2.293e-06
600,2.101e-06
601,2.99e-06
602,1.798e-06
603,3.344e-06
604,2.205e-06
605,3.103e-06
606,1.6e-06
607,2.391e-06
608,1.485e-06
609,2.401e-06
610,1.955e-06
611,3.03e-06
612,1.772e-06
613,1.748e-06
614,5.411e-06
615,8.66e-06
616,9.128e-06
617,8.96e-06
618,7.715e-06
619,7.654e-06
620,8.569e-06
621,1.0628e-05
622,8.774e-06
623,1.0079e-05
624,8.876e-06
625,7.887e-06
626,7.597e-06
627,8.713e-06
628,9.47e-06
629,7.928e-06
630,7.77e-06
631,1.0057e-05
632,5.164e-06
633,8.632e-06
634,9.629e-06
635,1.0773e-05
636,9.882e-06
637,4.353e-06
638,5.74e-06
639,6.766e-06
640,1.0057e-05
641,7.946e-06
642,0.240383
643,0.235652
644,0.0544366
645,0.246153
646,0.0535208
647,0.228005
648,0.0512067
649,0.075232
650,0.265591
651,0.0591168
652,0.051862
653,0.0555436
654,0.258176
655,0.0544115
656,0.232935
657,0.052967
658,0.053504
659,0.0523298
660,0.0543041
661,0.0671794
662,0.0567643
663,0.0563194
664,0.0641561
665,0.0638622
666,0.0637151
667,0.161776
668,0.0575817
669,0.155422
670,0.0558099
671,0.0621904
672,0.0668722
673,0.0534134
674,0.0664346
675,0.0549219
676,0.0620129
677,0.0828497
678,0.0648729
679,0.0601335
680,0.0554671
681,0.254483
682,0.0538564
683,0.0536333
684,0.0500164
685,0.050675
686,0.225077
687,0.0584533
688,0.0538126
689,0.0569165
690,0.0546723
691,0.0561871
692,0.0677559
693,0.0775573
694,0.183261
695,0.054851
696,0.0556894
697,0.0556402
698,0.0540735
699,0.240389
700,0.0564082
701,0.053804
702,0.0562651
703,0.0572909
704,0.0616259
705,0.0636283
706,0.14875
707,0.0554916
708,0.0538621
709,0.0551014
710,0.127648
711,0.0632636
712,0.0519158
713,0.0543167
714,0.0653061
715,0.0568836
716,0.0515551
717,0.0528121
718,0.0521753
719,0.0556228
720,0.0549548
721,0.0514079
722,0.0534995
723,0.054362
724,0.0517988
725,0.055916
726,0.0604481
727,0.059276
728,0.0546436
729,0.0517209
730,0.0520467
731,0.0520003
732,0.0562231
733,0.0690658
734,0.0636461
735,0.0591868
736,7.695e-06
737,7.879e-06
738,1.0336e-05
739,0.0506782
740,0.0532855
741,0.0512979
742,0.0546433
743,0.0525442
744,0.0622073
745,0.0531151
746,0.0512421
747,0.0512271
748,0.0527234
749,0.0520413
750,0.051741
751,0.0518394
752,0.0527585
753,0.0518625
754,0.0548573
755,0.0550794
756,0.0567084
757,0.0550118
758,0.0591006
759,0.0516371
760,0.0534996
761,0.250051
762,0.0592351
763,0.246447
764,0.244611
765,0.0527593
766,0.0530851
767,0.0517909
768,0.054447
769,0.0548506
770,0.142898
771,0.0551107
772,0.0529489
773,0.0506934
774,0.0547677
775,0.0514851
776,0.0533555
777,0.056089
778,0.256776
779,0.237692
780,0.0533501
781,0.0552324
782,0.0548052
783,0.0615628
784,0.0508719
785,0.0554151
786,0.0533206
787,0.0550449
788,0.0526405
789,0.0547942
790,0.0569692
791,0.0551873
792,0.0537447
793,0.0491507
794,0.0538781
795,0.0541561
796,0.0562866
797,0.0508815
798,0.0512857
799,0.0551033
800,0.0552305
801,0.0548936
802,0.142782
803,0.0672221
804,0.061066
805,0.0530677
806,0.0512659
807,0.0517869
808,0.0524347
809,0.0514853
810,0.0531755
811,0.0526798
812,0.0562525
813,0.056973
814,0.0700828
815,0.0601764
816,0.0610708
817,0.260677
818,0.0616855
819,0.0603052
820,0.0605195
821,0.0518058
822,0.0591269
823,0.0650707
824,0.245519
825,0.0523742
826,0.0523814
827,0.0571081
828,0.0549667
829,0.0548705
830,0.0711768
831,0.0661573
832,0.0520959
833,0.24971
834,0.0570398
835,0.0533993
836,0.0503816
837,0.219685
838,0.0555983
839,0.0542175
840,0.0547319
841,0.0586405
842,0.0529286
843,0.0584595
844,0.05285
845,0.0543058
846,0.0531811
847,0.0808899
848,0.0558161
849,0.0516951
850,0.0646147
851,0.0546198
852,0.0542577
853,0.0553649
854,0.0513061
855,0.0711417
856,0.0564504
857,0.0597819
858,0.0502753
859,0.0550992
860,0.0529714
861,0.230849
862,0.0582358
863,0.245247
864,0.0473203
865,0.0516798
866,0.0477988
867,0.047587
868,0.0557879
869,0.0516787
870,0.231017
871,0.0483667
872,0.0528554
873,0.0520544
874,0.0589869
875,0.0552312
876,0.0511878
877,0.0772822
878,0.0539399
879,0.050842
880,0.271226
881,0.0594339
882,0.265138
883,0.06167
884,0.0587161
885,0.0741433
886,0.053269
887,0.051096
888,0.219902
889,0.0551804
890,0.053414
891,0.0523909
892,0.0481849
893,0.0485104
894,0.0491118
895,0.0512139
896,0.0494172
897,0.0495499
898,0.0518676
899,0.0498953
900,0.0491741
901,0.0496457
902,0.0488166
903,0.0536371
904,0.0530042
905,0.0568573
906,0.049029
907,0.0507951
908,0.0500894
909,0.0518553
910,0.0540128
911,0.250394
912,0.0484246
913,0.0532074
914,0.0536722
915,0.0574944
916,0.272123
917,0.228781
918,0.0518352
919,0.13374
920,0.0519674
921,0.0514085
922,0.0477805
923,0.063333
924,0.0557669
925,0.0532322
926,0.055822
927,0.0628231
928,0.0629571
929,0.0527133
930,0.0512601
931,0.0540875
932,0.0590367
933,0.0560456
934,0.0543557
935,0.0611147
936,0.0568423
937,0.0594349
938,0.0605597
939,0.0545545
940,0.0611201
941,0.0611496
942,0.0563811
943,0.0550757
944,0.0577509
945,0.0493934
946,0.0610409
947,0.0610185
948,0.0597305
949,0.0539211
950,0.0558009
951,0.0635631
952,0.0609981
953,0.0537439
954,0.057199
955,0.261637
956,0.0579074
957,0.056872
958,0.0560193
959,0.0550869
960,0.0591444
961,0.270557
962,0.058373
963,0.0663887
964,0.322858
965,0.0661823
966,0.0582354
967,0.0601779
968,0.0640464
969,0.0671474
970,0.0600964
971,0.0764017
972,0.0620297
973,0.0870247
974,0.0617016
975,0.0706046
976,0.0573338
977,0.0606848
978,0.0888751
979,0.0596196
980,0.0656186
981,0.0586124
982,0.0672701
983,0.0640107
984,0.0569762
985,0.0580523
986,0.0574637
987,0.0562556
988,0.0693554
989,0.0574709
990,0.0601427
991,0.0475242
992,0.252236
993,0.0550102
994,0.253987
995,0.0536823
996,0.053338
997,0.0663805
998,0.0599103
999,0.245244
1000,0.071069
1001,0.0519951
1002,0.0624634
1003,0.0615506
1004,0.0588559
1005,0.080885
1006,0.0531441
1007,0.0540075
1008,0.0604254
1009,0.246071
1010,0.0522239
1011,0.0631387
1012,0.0530476
1013,0.0564355
1014,0.057643
1015,0.0547355
1016,0.0555952
1017,0.0540197
1018,0.0551701
1019,0.0552334
1020,0.24908
1021,0.0519552
1022,0.0543779
1023,0.0635477
1024,0.0656336
1025,0.0579653
1026,0.256457
1027,0.23571
1028,0.0555932
1029,0.0537537
1030,0.055213
1031,0.0583871
1032,0.0704169
1033,0.0667161
1034,0.0774132
1035,0.0643985
1036,0.0535994
1037,0.0630947
1038,0.05694
1039,0.0574271
1040,0.245528
1041,0.0576038
1042,0.0597278
1043,0.0404663
1044,0.0571865
1045,0.243836
1046,0.0603191
1047,0.0600606
1048,0.0538133
1049,0.283457
1050,0.0678323
1051,0.0751181
1052,0.277508
1053,0.0645155
1054,0.0683723
1055,0.0670195
1056,0.272846
1057,0.277199
1058,0.157988
1059,0.0630212
1060,0.0566168
1061,0.0498662
1062,0.051121
1063,0.184629
1064,0.0525951
1065,0.0513671
1066,0.0550173
1067,0.228836
1068,0.0534172
1069,0.0514684
1070,0.0508386
1071,0.0499724
1072,0.0587742
1073,0.145194
1074,0.0535825
1075,0.0503507
1076,0.220013
1077,0.225713
1078,0.2218
1079,0.0526106
1080,0.0524895
1081,0.0489307
1082,0.24363
1083,0.0542432
1084,0.0546968
1085,0.0521712
1086,0.0534105
1087,0.0523252
1088,0.048682
1089,0.0509968
1090,0.0548206
1091,0.0524054
1092,0.0538215
1093,0.0558043
1094,0.228273
1095,0.0518126
1096,0.0534265
1097,0.0537838
1098,0.0506641
1099,0.055635
1100,0.0508081
1101,0.0499585
1102,0.0477025
1103,0.0500975
1104,0.0498738
1105,0.215597
1106,0.0522699
1107,0.0481128
1108,0.21335
1109,0.051078
1110,0.0503182
1111,0.0552025
1112,0.0537117
1113,0.239517
1114,0.0588728
1115,0.0560318
1116,0.253365
1117,0.0591537
1118,0.0576578
1119,0.0523239
1120,0.0498415
1121,0.0576507
1122,0.0566977
1123,0.0602652
1124,0.0514738
1125,0.0604942
1126,0.0578291
1127,0.267166
1128,0.274083
1129,0.0591695
1130,0.0933243
1131,0.0542
1132,0.0576182
1133,0.0563788
1134,0.0589391
1135,0.0586439
1136,0.0559132
1137,0.247275
1138,0.0509703
1139,0.235184
1140,0.0617644
1141,0.232754
1142,0.0528653
1143,0.0516294
1144,0.0491658
1145,0.0483425
1146,0.0554828
1147,0.0548453
1148,0.05653
1149,0.0570445
1150,0.0628274
1151,0.0550766
1152,0.0568638
1153,0.0635302
1154,0.0569557
1155,0.0597586
1156,0.0624563
1157,0.0592328
1158,0.0469641
1159,0.0535927
1160,0.0597055
1161,0.053129
1162,0.0499679
1163,0.0561042
1164,0.238521
1165,0.0526933
1166,0.0472717
1167,0.0442345
1168,0.0447572
1169,0.0522309
1170,0.0572239
1171,0.0469045
1172,0.0514618
1173,0.0511099
1174,0.0498469
1175,0.0566164
1176,0.230837
1177,0.0469805
1178,0.0487412
1179,0.0468987
1180,0.0510374
1181,0.049121
1182,0.0487305
1183,0.0513465
1184,0.0526573
1185,0.0532317
1186,0.0533582
1187,0.0522066
1188,0.0489006
1189,0.138728
1190,0.0516814
1191,0.0487084
1192,0.0716113
1193,0.0518166
1194,0.052961
1195,0.0534613
1196,0.0500653
1197,0.151251
1198,0.0465597
1199,0.0494597
1200,0.0519094
1201,0.0510111
1202,0.0535292
1203,0.257539
1204,0.060551
1205,0.0810755
1206,0.0530442
1207,0.0554572
1208,0.241111
1209,0.0499335
1210,0.0508609
1211,0.0524705
1212,0.0538222
1213,0.0505765
1214,0.0600521
1215,0.0462787
1216,0.0475921
1217,0.0562534
1218,0.0507436
1219,0.0505365
1220,0.0457952
1221,0.0500749
1222,0.0485974
1223,0.0483573
1224,0.0486521
1225,0.232241
1226,0.226131
1227,0.0487082
1228,0.0480877
1229,0.0503046
1230,0.0487538
1231,0.0472238
1232,0.0514956
1233,0.0500836
1234,0.053986
1235,0.051834
1236,0.0469534
1237,0.0541455
1238,0.0687178
1239,0.0547641
1240,0.238219
1241,0.0451587
1242,0.0570441
1243,0.0623661
1244,0.0489696
1245,0.0530248
1246,0.0509526
1247,0.0529265
1248,0.0599019
1249,0.0513543
1250,0.0514601
1251,0.0487974
1252,0.0508173
1253,0.213763
1254,0.0509813
1255,0.0501541
1256,0.0524947
1257,0.0494428
1258,0.0526664
1259,0.0508822
1260,0.0504313
1261,0.055505
1262,0.0569734
1263,0.0585094
1264,0.216282
1265,0.0513563
1266,0.065528
1267,0.0543843
1268,0.0542053
1269,0.053354
1270,0.0503709
1271,0.057747
1272,0.22389
1273,0.0533957
1274,0.0551556
1275,0.0549842
1276,0.052717
1277,0.0582594
1278,0.0561826
1279,0.0557064
1280,0.246071
1281,0.0551205
1282,0.0531147
1283,0.051856
1284,0.0600963
1285,0.0506542
1286,0.0619851
1287,0.05898
1288,0.0615314
1289,0.059183
1290,0.258775
1291,0.051477
1292,0.0498425
1293,0.216927
1294,0.0516542
1295,0.221102
1296,0.0515302
1297,0.050462
1298,0.0520193
1299,0.0568243
1300,0.0546922
1301,0.0524019
1302,0.0494422
1303,0.088394
1304,0.0418894
1305,0.0433552
1306,0.0525098
1307,0.0512227
1308,0.0519721
1309,0.0470648
1310,0.0585999
1311,0.0627502
1312,0.0495145
1313,0.0508093
1314,0.0519535
1315,0.0511524
1316,0.215811
1317,0.226769
1318,0.0574929
1319,0.242147
1320,0.159893
1321,0.0692705
1322,0.0535637
1323,0.217159
1324,0.227204
1325,0.0564828
1326,0.0572539
1327,0.0526696
1328,0.0535361
1329,0.0573727
1330,0.236019
1331,0.0566279
1332,0.0573834
1333,0.0545107
1334,0.0525789
1335,0.0596189
1336,0.260506
1337,0.216437
1338,0.0487101
1339,0.0530614
1340,0.0509862
1341,0.0526007
1342,0.051857
1343,0.0530912
1344,0.0527844
1345,0.0556755
1346,0.0530466
1347,0.0544971
1348,0.0519328
1349,0.0559229
1350,0.0481871
1351,0.0590008
1352,0.0620059
1353,0.0603701
1354,0.0484507
1355,0.0472405
1356,0.0546167
1357,0.0549497
1358,0.0498321
1359,0.052845
1360,0.271149
1361,0.0623705
1362,0.0564505
1363,0.0543248
1364,0.249003
1365,0.0532864
1366,0.055936
1367,0.0540421
1368,0.0526624
1369,0.0563036
1370,0.0498209
1371,0.0556662
1372,0.0639139
1373,0.0627273
1374,0.0745425
1375,0.0512081
1376,0.0560746
1377,0.058145
1378,0.0543831
1379,0.0570508
1380,0.0529199
1381,0.0574608
1382,0.0667687
1383,0.0617558
1384,0.0542775
1385,0.0578416
1386,0.0553993
1387,0.0559207
1388,0.051825
1389,0.0753069
1390,0.054368
1391,0.0531914
1392,0.059443
1393,0.0530587
1394,0.0531561
1395,0.0510355
1396,0.0572743
1397,0.0597867
1398,0.0610751
1399,0.0517274
1400,0.0561013
1401,0.0540734
1402,0.0586687
1403,0.0553948
1404,0.0619741
1405,0.0664584
1406,0.0812401
1407,0.0696439
1408,0.0542549
1409,0.0581816
1410,0.0663021
1411,0.170204
1412,0.0613713
1413,0.0942425
1414,0.0622628
1415,0.0504645
1416,0.0517112
1417,0.051473
1418,0.0543243
1419,0.0550333
1420,0.0606636
1421,0.0590007
1422,0.0525644
1423,0.0887348
1424,0.056853
1425,0.0473897
1426,0.0485901
1427,0.0452555
1428,0.0445438
1429,0.0458573
1430,0.0431411
1431,0.0457372
1432,0.0462178
1433,0.0404572
1434,0.0399952
1435,0.0539624
1436,0.0423703
1437,0.046645
1438,0.123044
1439,0.0474535
1440,0.0479571
1441,0.047005
1442,0.0535285
1443,0.0472469
1444,0.0498142
1445,0.0423368
1446,0.0456846
1447,0.0483537
1448,0.0572604
1449,0.0558393
1450,0.059441
1451,0.0881786
1452,0.0511027
1453,0.05904
1454,0.0435378
1455,0.054247
1456,0.0639587
1457,0.0560884
1458,0.0542564
1459,0.0469679
1460,0.0476492
1461,0.0488434
1462,0.0474335
1463,0.0444703
1464,0.0524667
1465,0.0425632
1466,0.0435147
1467,0.0481422
1468,0.0468521
1469,0.0443284
1470,0.0457632
1471,0.0397756
1472,0.043744
1473,0.0478667
1474,0.0440943
1475,0.0416497
1476,0.0457025
1477,0.0446498
1478,0.041614
1479,0.215865
1480,0.0406427
1481,0.0424385
1482,0.0362795
1483,0.0359103
1484,0.0526721
1485,0.0441046
1486,0.0436291
1487,0.0450703
1488,0.0487876
1489,0.0491142
1490,0.0447967
1491,0.0417051
1492,0.0647641
1493,0.0425573
1494,0.0445261
1495,0.0965354
1496,0.0476377
1497,0.0408095
1498,0.0383677
1499,0.0386956
1500,0.0408881
1501,0.0422335
1502,0.0403374
1503,0.0430932
1504,0.0461379
1505,0.0409242
1506,0.0476793
1507,0.0410466
1508,0.0402974
1509,0.176194
1510,0.0393394
1511,0.0407159
1512,0.0437946
1513,0.0446557
1514,0.0401033
1515,0.0539421
1516,0.0393058
1517,0.0431457
1518,0.0462979
1519,0.0495444
1520,0.0487508
1521,0.0436612
1522,0.0438303
1523,0.0484882
1524,0.0463984
1525,0.0582705
1526,0.0453038
1527,0.0498143
1528,0.0464441
1529,0.0543644
1530,0.195732
1531,0.234215
1532,0.0494725
1533,0.0517875
1534,0.0494633
1535,0.0512325
1536,0.0548221
1537,0.0521146
1538,0.045618
1539,0.0597937
1540,0.050408
1541,0.0477719
1542,0.0517139
1543,0.0478871
1544,0.0445675
1545,0.201406
1546,0.0462729
1547,0.0458048
1548,0.047644
1549,0.0499571
1550,0.0479853
1551,0.0498064
1552,0.0498069
1553,0.0479403
1554,0.0492575
1555,0.233145
1556,0.0519845
1557,0.0497878
1558,0.056464
1559,0.0477218
1560,0.0484989
1561,0.0474104
1562,0.119497
1563,0.212041
1564,0.0517259
1565,0.0550363
1566,0.0514323
1567,0.0484207
1568,0.0578408
1569,0.0469027
1570,0.0509764
1571,0.0537172
1572,0.0551464
1573,0.0668349
1574,0.0622687
1575,0.0528014
1576,0.0491312
1577,0.0632234
1578,0.0487111
1579,0.0464319
1580,0.216535
1581,0.0487881
1582,0.0552541
1583,0.0469457
1584,0.0463232
1585,0.0489842
1586,0.0520922
1587,0.0515412
1588,0.0438744
1589,0.0381504
1590,0.215484
1591,0.0459859
1592,0.0505713
1593,0.0468521
1594,0.0542092
1595,0.0491933
1596,0.17051
1597,0.0483144
1598,0.0503925
1599,0.0530779
1600,0.0525606
1601,0.0491457
1602,0.0498312
1603,0.224793
1604,0.0641473
1605,0.258692
1606,0.056131
1607,0.0507826
1608,0.205685
1609,0.231799
1610,0.259872
1611,0.265737
1612,0.0564738
1613,0.0537008
1614,0.0561569
1615,0.246233
1616,0.0527339
1617,0.145125
1618,0.0588656
1619,0.0550334
1620,0.229033
1621,0.233448
1622,0.0499019
1623,0.0493133
1624,0.0504111
1625,0.244253
1626,0.0530291
1627,0.0494858
1628,0.0578702
1629,0.0532347
1630,0.0488379
1631,0.0552804
1632,0.0555762
1633,0.0497232
1634,0.0487725
1635,0.0575566
1636,0.0481463
1637,0.0501844
1638,0.0510957
1639,0.049518
1640,0.0484823
1641,0.0498217
1642,0.0546885
1643,0.0518176
1644,0.0515174
1645,0.057919
1646,0.0468301
1647,0.0513556
1648,0.0486022
1649,0.0515951
1650,0.0533908
1651,0.0545827
1652,0.127009
1653,0.0580912
1654,0.0498787
1655,0.0540714
1656,0.0513079
1657,0.0587634
1658,0.0618413
1659,0.0526733
1660,0.0522294
1661,0.049462
1662,0.052146
1663,0.112802
1664,0.0492609
1665,0.0512002
1666,0.0523241
1667,0.0505698
1668,0.0485961
1669,0.0508289
1670,0.0708755
1671,0.270711
1672,0.0507369
1673,0.216515
1674,0.0497017
1675,0.052757
1676,0.0553158
1677,0.053275
1678,0.0499378
1679,0.0551584
1680,0.04883
1681,0.0533234
1682,0.050167
1683,0.0536765
1684,0.0578269
1685,0.0739907
1686,0.0474674
1687,0.0521299
1688,0.052283
1689,0.0512393
1690,0.0494607
1691,0.0516375
1692,0.0535268
1693,0.0501809
1694,0.0497187
1695,0.131854
1696,0.0497057
1697,0.0529794
1698,0.0602898
1699,0.0657688
1700,0.0647773
1701,0.0566417
1702,0.0620801
1703,0.0665758
1704,0.0693014
1705,0.0632029
1706,0.0564591
1707,0.0505628
1708,0.050917
1709,0.0503012
1710,0.0541458
1711,0.0524647
1712,0.0503499
1713,0.0511892
1714,0.0527558
1715,0.0497621
1716,0.055765
1717,0.231115
1718,0.0518331
1719,0.0535435
1720,0.059245
1721,0.0597307
1722,0.0544576
1723,0.0497671
1724,0.223636
1725,0.0547015
1726,0.0535631
1727,0.0508807
1728,0.0509495
1729,0.248965
1730,0.048689
1731,0.0752614
1732,0.0530083
1733,0.225236
1734,0.0699097
1735,0.054247
1736,0.0502717
1737,0.0543105
1738,0.0559569
1739,0.0566967
1740,0.0536838
1741,0.0559486
1742,0.0505534
1743,0.0523765
1744,0.0513512
1745,0.0790398
1746,0.0537448
1747,0.0521603
1748,0.0517948
1749,0.0509183
1750,0.0514484
1751,0.0505097
1752,0.0564748
1753,0.0580052
1754,0.0643099
1755,0.0543485
1756,0.065941
1757,0.0519285
1758,0.0503195
1759,0.0537932
1760,0.0621526
1761,0.0541276
1762,0.0533988
1763,0.0590315
1764,0.0481553
1765,0.0549116
1766,0.0559376
1767,0.0611348
1768,0.0504355
1769,0.0554359
1770,0.0636006
1771,0.0585833
1772,0.0595902
1773,0.0576206
1774,0.057644
1775,0.0551864
1776,0.0592299
1777,0.0671954
1778,0.0587125
1779,0.0621802
1780,0.0542237
1781,0.0558075
1782,0.0546339
1783,0.0608037
1784,0.0654756
1785,0.0566668
1786,0.0524277
1787,0.0535977
1788,0.058579
1789,0.0566318
1790,0.0602412
1791,0.0577078
1792,0.0613261
1793,0.0618333
1794,0.0577456
1795,0.0539897
1796,0.0534743
1797,0.054442
1798,0.0560601
1799,0.0522526
1800,0.054952
1801,0.0545254
1802,0.0551743
1803,0.0693851
1804,0.0640649
1805,0.0719568
1806,0.0524098
1807,0.0516975
1808,0.048281
1809,0.0490352
1810,0.0560682
1811,0.0653909
1812,0.0552649
1813,0.0588482
1814,0.0608453
1815,0.0612608
1816,0.0575319
1817,0.0538949
1818,0.0458462
1819,0.0693814
1820,0.0496357
1821,0.253116
1822,0.0577786
1823,0.0560427
1824,0.0534593
1825,0.0542979
1826,0.0484483
1827,0.051852
1828,0.0501539
1829,0.0534294
1830,0.0527117
1831,0.0751524
1832,0.0506885
1833,0.0523913
1834,0.0535287
1835,0.064977
1836,0.053337
1837,0.17583
1838,0.0485223
1839,0.0528055
1840,0.0510878
1841,0.0496916
1842,0.130485
1843,0.0530558
1844,0.0513994
1845,0.0499034
1846,0.228574
1847,0.0496015
1848,0.0614482
1849,0.0531781
1850,0.0544038
1851,0.0520058
1852,0.0538284
1853,0.0468749
1854,0.0487352
1855,0.0500361
1856,0.0532765
1857,0.0524669
1858,0.232528
1859,0.0525517
1860,0.0548936
1861,0.245755
1862,0.0519299
1863,0.0513655
1864,0.0514766
1865,0.0522812
1866,0.0517921
1867,0.179939
1868,0.174198
1869,0.246139
1870,0.053906
1871,0.0542997
1872,0.0547141
1873,0.0595701
1874,0.242825
1875,0.0671977
1876,0.220102
1877,0.0497478
1878,0.0491909
1879,0.218306
1880,0.241405
1881,0.0464721
1882,0.0492223
1883,0.058911
1884,0.230678
1885,0.137677
1886,0.0574568
1887,0.0503102
1888,0.0562746
1889,0.057452
1890,0.0545585
1891,0.223813
1892,0.0523733
1893,0.0495343
1894,0.218767
1895,0.0519726
1896,0.0537526
1897,0.0548551
1898,0.0501735
1899,0.235993
1900,0.0548344
1901,0.233764
1902,0.0494506
1903,0.0532382
1904,0.0572199
1905,0.0627835
1906,0.0628408
1907,0.266939
1908,0.0563227
1909,0.0559394
1910,0.0719948
1911,0.0650663
1912,0.0517346
1913,0.094167
1914,0.0584253
1915,0.064817
1916,0.0605751
1917,0.0670057
1918,0.0507622
1919,0.053077
1920,0.0593392
1921,0.0506643
1922,0.0487956
1923,0.0526977
1924,0.122042
1925,0.0492087
1926,0.05734
1927,0.0642518
1928,0.055984
1929,0.0581343
1930,0.0562612
1931,0.0526374
1932,0.0543377
1933,0.0559946
1934,0.0524404
1935,0.0502647
1936,0.0497026
1937,0.0584556
1938,0.0561595
1939,0.0508803
1940,0.0529773
1941,0.0524711
1942,0.0564128
1943,0.051135
1944,0.053171
1945,0.0496174
1946,0.0517177
1947,0.0546216
1948,0.0517231
1949,0.0517694
1950,0.0522333
1951,0.0532414
1952,0.0513648
1953,0.0512683
1954,0.0528662
1955,0.0545854
1956,0.0558732
1957,0.0517768
1958,0.04928
1959,0.0617072
1960,0.0486305
1961,0.0490253
1962,0.0517802
1963,0.0499565
1964,0.0506469
1965,0.0503406
1966,0.050768
1967,0.0538463
1968,0.05209
1969,0.0509341
1970,0.0563661
1971,0.0542214
1972,0.0543472
1973,0.0540978
1974,0.053761
1975,0.0511631
1976,0.0510725
1977,0.0520951
1978,0.0521804
1979,0.0517747
1980,0.0534364
1981,0.0574221
1982,0.0505741
1983,0.0501479
1984,0.0631651
1985,0.0483489
1986,0.058024
1987,0.0633636
1988,0.0623226
1989,0.058315
1990,0.0633248
1991,0.0580138
1992,0.0693541
1993,0.0523608
1994,0.0540645
1995,0.0530134
1996,0.0502076
1997,0.0503441
1998,0.051892
1999,0.0516333
2000,0.0503342
2001,0.0565081
2002,0.0269759
2003,0.0519251
2004,0.0571228
2005,0.0608345
2006,0.0508313
2007,0.0271012
2008,0.0516676
2009,0.0515205
2010,0.0505757
2011,0.0519042
2012,0.0525397
2013,0.055239
2014,0.052149
2015,0.051971
2016,0.0538395
2017,0.0264183
2018,0.0512493
2019,0.0495467
2020,0.0529332
2021,0.0532264
2022,0.0258646
2023,0.0503006
2024,0.0520468
2025,0.0505396
2026,0.0261773
2027,0.0251861
2028,0.0272032
2029,0.0280205
2030,0.0268609
2031,0.0276766
2032,0.0262008
2033,0.0263677
2034,0.0303057
2035,0.0315112
2036,0.0263965
2037,0.0262155
2038,2.318e-06
2039,2.79e-06
2040,1.91e-06
2041,2.157e-06
2042,2.302e-06
2043,2.561e-06
2044,2.471e-06
2045,1.909e-06
2046,2.343e-06
2047,1.144e-06
2048,1.087e-06
2049,1.157e-06
2050,2.426e-06
2051,2.527e-06
2052,9.094e-06
2053,8.364e-06
2054,8.884e-06
2055,1.0166e-05
2056,3.0708e-05
2057,1.0217e-05
2058,9.605e-06
2059,9.098e-06
2060,7.742e-06
2061,1.0095e-05
2062,1.0169e-05
2063,7.552e-06
2064,7.933e-06
2065,8.682e-06
2066,1.0717e-05
2067,9.513e-06
2068,9.974e-06
2069,7.629e-06
2070,9.549e-06
2071,1.016e-05
2072,9.67e-06
2073,8.333e-06
2074,9.69e-06
2075,6.152e-06
2076,7.44e-06
2077,9.758e-06
2078,1.0498e-05
2079,8.735e-06
2080,9.449e-06
2081,4.402e-06
2082,3.881e-06
2083,3.92e-06
2084,5.486e-06
2085,7.932e-06
2086,9.56e-06
2087,7.765e-06
2088,1.0165e-05
2089,8.202e-06
2090,1.2254e-05
2091,9.557e-06
2092,8.266e-06
2093,8.971e-06
2094,1.0354e-05
2095,9.622e-06
2096,7.936e-06
2097,8.15e-06
2098,9.946e-06
2099,9.193e-06
2100,9.011e-06
2101,9.684e-06
2102,8.167e-06
2103,8.391e-06
2104,1.0198e-05
2105,9.086e-06
2106,1.095e-05
2107,8.049e-06
2108,1.0123e-05
2109,9.107e-06
2110,1.081e-05
2111,2.8416e-05
2112,7.486e-06
2113,9.872e-06
2114,1.0274e-05
2115,8.027e-06
2116,9.836e-06
2117,9.431e-06
2118,1.0416e-05
2119,1.0198e-05
2120,1.0074e-05
2121,7.542e-06
2122,8.672e-06
2123,9.047e-06
2124,8.395e-06
2125,9.005e-06
2126,9.509e-06
2127,9.68e-06
2128,1.0703e-05
2129,8.072e-06
2130,8.853e-06
2131,8.766e-06
2132,9.389e-06
2133,4.29e-06
2134,4.044e-06
2135,4.197e-06
2136,4.365e-06
2137,1.0301e-05
2138,8.94e-06
2139,8.077e-06
2140,1.0186e-05
2141,7.93e-06
2142,9.561e-06
2143,9.792e-06
2144,9.14e-06
2145,9.681e-06
2146,8.483e-06
2147,1.0893e-05
2148,5.13e-06
2149,7.166e-06
2150,7.646e-06
2151,1.2035e-05
2152,5.89e-06
2153,1.1081e-05
2154,4.66e-06
2155,5.065e-06
2156,4.081e-06
2157,9.593e-06
2158,7.108e-06
2159,5.304e-06
2160,5.954e-06
2161,6.737e-06
2162,1.1877e-05
2163,9.245e-06
2164,8.16e-06
2165,1.4929e-05
2166,9.423e-06
2167,9.087e-06
2168,9.779e-06
2169,9.74e-06
2170,9.575e-06
2171,9.435e-06
2172,9.955e-06
2173,8.49e-06
2174,9.673e-06
2175,1.055e-05
2176,9.658e-06
2177,9.514e-06
2178,9.639e-06
2179,8.764e-06
2180,9.967e-06
2181,7.971e-06
2182,9.574e-06
2183,8.02e-06
2184,9.619e-06
2185,8.837e-06
2186,8.763e-06
2187,9.919e-06
2188,9.851e-06
2189,9.921e-06
2190,7.876e-06
2191,1.0923e-05
2192,8.495e-06
2193,8.17e-06
2194,8.027e-06
2195,1.0125e-05
2196,9.428e-06
2197,1.3082e-05
2198,9.608e-06
2199,9.693e-06
2200,8.256e-06
2201,9.115e-06
2202,1.025e-05
2203,9.741e-06
2204,9.671e-06
2205,1.0146e-05
2206,9.963e-06
2207,9.846e-06
2208,9.921e-06
2209,8.283e-06
2210,9.45e-06
2211,9.44e-06
2212,1.0145e-05
2213,8.483e-06
2214,9.354e-06
2215,1.0657e-05
2216,9.483e-06
2217,1.0442e-05
2218,9.097e-06
2219,1.0412e-05
2220,7.899e-06
2221,9.85e-06
2222,9.596e-06
2223,8.641e-06
2224,6.776e-06
2225,1.0382e-05
2226,9.309e-06
2227,4.402e-06
2228,8.523e-06
2229,6.517e-06
2230,1.0863e-05
2231,8.071e-06
2232,2.182e-06
2233,1.927e-06
2234,1.768e-06
2235,2.589e-06
2236,1.882e-06
2237,1.92e-06
2238,1.297e-06
2239,1.282e-06
2240,1.839e-06
2241,0.0474954
2242,0.0496409
2243,0.0495146
2244,0.0505282
2245,0.050694
2246,0.0513634
2247,0.0539974
2248,0.0529089
2249,0.0496428
2250,0.0486106
2251,0.0530441
2252,0.0541157
2253,0.0498168
2254,0.0258913
2255,0.0260023
2256,0.0523601
2257,0.051699
2258,0.055513
2259,0.0274883
2260,0.028605
2261,0.0258993
2262,2.114e-06
2263,1.911e-06
2264,2.482e-06
2265,2.856e-06
2266,2.886e-06
2267,3.021e-06
2268,2.427e-06
2269,2.423e-06
2270,2.235e-06
2271,2.067e-06
2272,2.904e-06
2273,2.245e-06
2274,2.132e-06
2275,2.741e-06
2276,2.732e-06
2277,3.293e-06
2278,2.64e-06
2279,3.081e-06
2280,1.079e-06
2281,1.487e-06
2282,1.131e-06
2283,1.241e-06
2284,1.163e-06
2285,1.093e-06
2286,1.733e-06
2287,2.538e-06
2288,1.75e-06
2289,2.322e-06
2290,2.667e-06
2291,2.247e-06
2292,2.564e-06
2293,2.83e-06
2294,2.823e-06
2295,2.743e-06
2296,2.427e-06
2297,2.758e-06
2298,1.855e-06
2299,2.1e-06
2300,2.57e-06
2301,2.701e-06
2302,2.165e-06
2303,2.477e-06
2304,3.022e-06
2305,2.671e-06
2306,2.42e-06
2307,2.967e-06
2308,2.281e-06
2309,2.382e-06
2310,2.488e-06
2311,2.104e-06
2312,2.989e-06
2313,2.887e-06
2314,2.033e-06
2315,1.113e-06
2316,2.92e-06
2317,2.394e-06
2318,2.824e-06
2319,2.797e-06
2320,2.11e-06
2321,2.244e-06
2322,1.327e-06
2323,1.148e-06
2324,1.101e-06
2325,1.194e-06
2326,1.105e-06
2327,2.172e-06
2328,1.419e-06
2329,2.273e-06
2330,1.847e-06
2331,2.447e-06
2332,2.392e-06
2333,1.705e-06
2334,1.98e-06
2335,2.058e-06
2336,1.856e-06
2337,2.217e-06
2338,2.735e-06
2339,2.511e-06
2340,2.952e-06
2341,2.526e-06
2342,2.653e-06
2343,2.497e-06
2344,1.211e-06
2345,1.141e-06
2346,1.59e-06
2347,1.402e-06
2348,3.217e-06
2349,1.619e-06
2350,9.77e-07
2351,9.219e-06
2352,9.42e-06
2353,9.568e-06
2354,9.689e-06
2355,1.0329e-05
2356,7.709e-06
2357,9.43e-06
2358,7.987e-06
2359,1.0244e-05
2360,8.428e-06
2361,7.572e-06
2362,9.884e-06
2363,9.626e-06
2364,7.71e-06
2365,8.328e-06
2366,9.899e-06
2367,9.173e-06
2368,9.169e-06
2369,9.984e-06
2370,1.0286e-05
2371,9.096e-06
2372,9.868e-06
2373,9.75e-06
2374,1.0047e-05
2375,7.951e-06
2376,9.446e-06
2377,7.627e-06
2378,9.715e-06
2379,7.506e-06
2380,8.884e-06
2381,9.884e-06
2382,9.54e-06
2383,9.759e-06
2384,9.879e-06
2385,8.636e-06
2386,8.704e-06
2387,7.564e-06
2388,7.695e-06
2389,9.394e-06
2390,8.839e-06
2391,9.86e-06
2392,7.283e-06
2393,8.73e-06
2394,8.117e-06
2395,9.688e-06
2396,9.621e-06
2397,8.323e-06
2398,7.251e-06
2399,8.726e-06
2400,1.0072e-05
2401,7.487e-06
2402,1.0453e-05
2403,7.916e-06
2404,9.949e-06
2405,7.372e-06
2406,9.913e-06
2407,9.709e-06
2408,8.585e-06
2409,7.736e-06
2410,9.786e-06
2411,1.0541e-05
2412,9.983e-06
2413,8.971e-06
2414,9.599e-06
2415,9.385e-06
2416,7.945e-06
2417,3.1974e-05
2418,1.0487e-05
2419,1.039e-05
2420,7.908e-06
2421,8.925e-06
2422,1.0261e-05
2423,7.546e-06
2424,7.215e-06
2425,9.265e-06
2426,7.572e-06
2427,8.139e-06
2428,8.495e-06
2429,6.839e-06
2430,5.918e-06
2431,5.398e-06
2432,6.118e-06
2433,7.66e-06
2434,6.096e-06
2435,5.859e-06
2436,5.923e-06
2437,5.791e-06
2438,1.781e-06
2439,2.361e-06
2440,2.131e-06
2441,2.761e-06
2442,1.855e-06
2443,2.277e-06
2444,3.229e-06
2445,2.177e-06
2446,3.107e-06
2447,2.817e-06
2448,2.406e-06
2449,2.489e-06
2450,2.839e-06
2451,2.24e-06
2452,2.452e-06
2453,3.035e-06
2454,2.459e-06
2455,2.101e-06
2456,2.319e-06
2457,2.198e-06
2458,2.562e-06
2459,2.549e-06
2460,2.457e-06
2461,2.192e-06
2462,2.261e-06
2463,2.624e-06
2464,2.748e-06
2465,2.622e-06
2466,2.203e-06
2467,2.581e-06
2468,3.039e-06
2469,3.241e-06
2470,1.977e-06
2471,2.516e-06
2472,2.217e-06
2473,2.389e-06
2474,2.382e-06
2475,2.428e-06
2476,2.16e-06
2477,2.898e-06
2478,2.107e-06
2479,2.469e-06
2480,2.301e-06
2481,2.101e-06
2482,3.016e-06
2483,2.584e-06
2484,1.88e-06
2485,1.973e-06
2486,2.51e-06
2487,2.202e-06
2488,2.65e-06
2489,2.028e-06
2490,2.436e-06
2491,2.83e-06
2492,2.465e-06
2493,1.863e-06
2494,2.42e-06
2495,2.578e-06
2496,2.328e-06
2497,2.388e-06
2498,2.522e-06
2499,2.379e-06
2500,1.832e-06
2501,2.872e-06
2502,2.332e-06
2503,1.793e-06
2504,2.506e-06
2505,2.955e-06
2506,1.987e-06
2507,1.148e-06
2508,2.096e-06
2509,1.512e-06
2510,2.428e-06
2511,0.0497746
2512,0.0508445
2513,0.0505742
2514,0.0501042
2515,0.0509469
2516,0.0511667
2517,0.052044
2518,0.0489805
2519,0.048971
2520,0.0516613
2521,0.0243624
2522,0.0508759
2523,0.0510236
2524,0.0528368
2525,0.0515779
2526,0.0515823
2527,0.0482129
2528,0.0445835
2529,0.0529072
2530,0.0503401
2531,0.0487269
2532,0.0583225
2533,0.0504582
2534,0.0593263
2535,0.0567684
2536,0.060911
2537,0.0582196
2538,0.0501335
2539,0.0511506
2540,0.0580309
2541,0.051523
2542,0.0495607
2543,0.0495635
2544,0.0517763
2545,0.0535201
2546,0.0495994
2547,0.050407
2548,0.0520026
2549,0.0528242
2550,0.0516274
2551,0.051076
2552,0.0515603
2553,0.0506871
2554,0.048847
2555,0.0526898
2556,0.0501234
2557,0.051985
2558,0.0506093
2559,0.0507598
2560,0.0514857
2561,0.0510532
2562,0.051398
2563,0.0498589
2564,0.0515091
2565,0.0519994
2566,0.0568526
2567,0.0538741
2568,0.0513537
2569,0.0490164
2570,1.0048e-05
2571,9.049e-06
2572,1.0166e-05
2573,1.114e-05
2574,9.893e-06
2575,1.015e-05
2576,8.962e-06
2577,9.914e-06
2578,9.97e-06
2579,9.678e-06
2580,8.168e-06
2581,9.453e-06
2582,1.0041e-05
2583,8.751e-06
2584,1.1374e-05
2585,9.302e-06
2586,1.064e-05
2587,8.455e-06
2588,9.735e-06
2589,8.451e-06
2590,9.536e-06
2591,9.853e-06
2592,9.588e-06
2593,9.751e-06
2594,8.143e-06
2595,1.1361e-05
2596,9.276e-06
2597,1.0074e-05
2598,1.0059e-05
2599,1.0227e-05
2600,1.0175e-05
2601,9.184e-06
2602,8.387e-06
2603,9.257e-06
2604,8.201e-06
2605,9.756e-06
2606,9.768e-06
2607,9.218e-06
2608,9.927e-06
2609,1.0362e-05
2610,8.873e-06
2611,8.943e-06
2612,8.94e-06
2613,1.0412e-05
2614,9.597e-06
2615,1.0082e-05
2616,9.683e-06
2617,1.0299e-05
2618,1.0409e-05
2619,9.353e-06
2620,8.991e-06
2621,1.0207e-05
2622,9.393e-06
2623,8.464e-06
2624,5.516e-06
2625,8.665e-06
2626,9.664e-06
2627,9.046e-06
2628,1.1009e-05
2629,8.513e-06
2630,1.0825e-05
2631,4.896e-06
2632,3.983e-06
2633,9.63e-06
2634,8.248e-06
2635,6.184e-06
2636,7.483e-06
2637,1.0573e-05
2638,6.23e-06
2639,8.371e-06
2640,1.1083e-05
2641,9.345e-06
2642,7.584e-06
2643,8.172e-06
2644,1.019e-05
2645,8.078e-06
2646,8.187e-06
2647,5.947e-06
2648,6.782e-06
2649,6.904e-06
2650,6.588e-06
2651,6.529e-06
2652,7.948e-06
2653,9.655e-06
2654,7.647e-06
2655,0.0268452
2656,0.0258306
2657,0.0255666
2658,0.0257927
2659,0.0262829
2660,2.035e-06
